rowid	mod-7	mod-12	mod-13	mod-14	mod-23	mod-109	mod-110	mod-111	mod-114	mod-127	mod-128	mod-131	CD34	CD68	CNP	GFAP	MBP	OLIG2	PC1
projid10101327	0.070123	0.010938	-0.008110	0.029164	0.011430	0.021982	-0.015090	-0.016205	-0.013261	-0.024454	-0.029635	-0.001255	0.021741	-0.053153	-0.019473	0.000823	-0.039687	-0.005967	-0.038588
projid10101589	-0.006921	-0.010505	0.050241	-0.049846	-0.015350	0.000121	-0.012888	0.023904	-0.005270	0.025083	0.070441	-0.013571	0.079538	-0.037295	0.023752	-0.039871	-0.004208	0.043654	0.040431
projid10202345	0.115967	0.003998	-0.062625	-0.004180	-0.021184	0.055796	0.002759	-0.029071	0.045211	-0.102888	-0.086521	-0.056338	0.008686	0.061795	-0.006030	0.049033	0.049304	-0.011860	-0.027943
projid10203224	-0.047702	0.104803	0.098996	0.055141	0.093281	-0.119047	-0.065726	-0.077393	-0.131770	0.074757	0.019028	0.084889	-0.041866	-0.015609	-0.072219	-0.009958	-0.030402	-0.071865	-0.103625
projid10205244	0.028560	0.016910	0.023912	-0.000876	-0.030172	0.005225	0.032280	-0.033263	0.021835	-0.052295	-0.035215	-0.046907	0.008192	-0.003903	0.058175	-0.058265	0.064009	0.050100	-0.003338
projid10208143	0.040320	0.053597	0.035845	0.050685	0.019117	-0.033838	-0.052160	-0.077570	-0.035002	-0.040709	-0.062267	-0.005817	-0.027795	-0.033958	-0.044657	-0.072436	-0.028031	-0.047145	-0.078098
projid10218339	0.012449	0.018526	0.026084	0.014343	0.006350	0.014718	0.014765	-0.005609	-0.011948	0.000074	0.023984	0.001010	-0.011354	-0.059445	0.006088	0.000265	0.044423	-0.014875	-0.009285
projid10222853	0.008520	0.035743	0.052681	0.036421	0.017952	-0.022365	-0.007832	-0.022045	-0.046324	0.021765	0.037675	0.015804	0.008007	-0.015122	0.000248	0.008746	-0.013049	0.003628	-0.030239
projid10246987	-0.076876	0.064607	0.030426	0.097870	0.134166	-0.065860	-0.141630	-0.048187	-0.041706	0.073983	0.113992	0.127621	-0.079297	0.033704	-0.137876	-0.043017	-0.137419	-0.074725	-0.090160
projid10248033	-0.049706	-0.004539	0.022453	0.006515	0.044315	-0.004984	-0.021015	0.044328	-0.049107	0.081791	0.059468	0.062275	0.005882	-0.048880	-0.031907	0.001069	0.028424	-0.024946	0.004807
projid10249336	-0.005162	-0.006707	0.007733	0.008024	0.013762	0.000258	0.003908	0.008291	-0.015419	0.028259	0.042100	0.023903	-0.006058	-0.005987	-0.011587	-0.039580	0.031560	0.002324	-0.004979
projid10253148	-0.000780	-0.054703	-0.024403	-0.028498	-0.035580	0.021535	-0.055041	0.020004	0.029811	0.015671	-0.011347	-0.027308	-0.071795	0.055080	-0.085125	0.015662	-0.061422	-0.000111	0.047305
projid10260309	0.076987	-0.048599	-0.067453	-0.032667	-0.042987	0.081959	0.022345	0.060120	0.034497	-0.049370	-0.055868	-0.030083	0.095310	-0.029968	0.018605	0.008942	-0.051365	0.063630	0.030950
projid10262905	0.007389	0.029621	0.042107	0.023435	0.034401	-0.009266	0.000620	-0.012037	-0.040757	0.035887	0.061433	0.024409	0.008030	-0.017067	0.017149	0.002333	0.066357	-0.014016	-0.026340
projid10271474	-0.020363	0.043314	0.062436	0.071771	0.008388	-0.043135	-0.008091	-0.055986	-0.036500	0.024937	0.018493	0.017887	-0.015165	-0.004862	-0.010714	-0.020164	0.028196	-0.008897	-0.033277
projid10277308	-0.002549	0.008054	0.030853	-0.008052	-0.013170	-0.004686	0.009480	-0.018794	-0.009653	-0.002865	0.019339	-0.011164	0.024223	0.009274	0.029738	0.017597	0.019601	0.022278	0.004900
projid10288185	0.004440	0.002098	0.002361	-0.012475	0.004036	0.023962	-0.003862	0.020487	-0.015343	0.015864	0.022588	-0.000485	-0.008451	-0.049801	-0.001160	-0.016943	-0.034573	0.002609	0.009344
projid10290427	-0.020072	-0.002531	0.013557	0.036774	-0.030694	-0.038749	0.003467	-0.039518	0.048882	-0.008717	-0.001883	-0.020743	-0.009004	0.026604	0.024974	0.049969	0.008304	-0.066787	-0.000540
projid10291856	-0.001383	-0.094000	-0.058138	-0.066109	-0.094159	0.068318	0.108432	0.105931	0.028756	-0.007975	-0.072589	-0.045445	0.048422	-0.023982	0.087532	-0.018688	0.053379	0.078058	0.094938
projid10292311	-0.011016	0.013371	0.028271	-0.001910	0.030483	-0.003718	-0.010294	-0.006032	-0.023357	0.015000	0.052827	0.026040	0.000543	-0.040352	0.013393	0.011468	-0.009096	0.005139	-0.011704
projid10300914	-0.009543	-0.061666	-0.040122	-0.063445	-0.047624	0.063900	0.069003	0.099097	0.029116	0.015737	0.044594	-0.025333	-0.003279	0.005664	0.052488	0.024070	0.056673	0.090839	0.089086
projid10315029	-0.048548	-0.046933	-0.009323	-0.023837	-0.082523	-0.001473	0.084666	0.034230	0.047843	-0.034959	-0.052510	-0.065624	0.025425	0.053114	0.104321	0.037153	0.056546	0.087810	0.068212
projid10345561	0.006347	-0.016595	-0.023816	-0.020708	0.003431	0.001645	-0.067932	0.011448	0.029947	0.003680	-0.018197	-0.003257	0.020349	0.006429	-0.064510	0.026205	-0.018099	-0.023811	0.009696
projid10383017	-0.008211	0.006801	-0.036195	0.008454	0.039034	0.023583	-0.019038	0.024849	-0.006028	0.011683	-0.016694	0.033607	-0.027085	0.043451	-0.042932	-0.022526	-0.035681	0.002249	-0.013611
projid10394182	-0.010713	0.037225	0.019640	0.034813	0.007425	-0.024058	0.003824	-0.012846	-0.026136	-0.002038	-0.016677	-0.003874	0.003189	0.021045	0.018662	0.005372	0.073597	0.011871	-0.023082
projid10395197	-0.044214	0.005832	0.035268	0.048615	0.000617	-0.040529	-0.028385	-0.032939	0.003101	0.012146	-0.005429	0.014199	0.016968	0.012942	-0.004440	0.006034	-0.021399	-0.047075	-0.008294
projid10405008	0.046965	0.001649	-0.018122	-0.050593	-0.032732	0.025074	0.003705	0.022484	0.025619	-0.022201	-0.003157	-0.038567	-0.009677	-0.004687	0.027687	0.027688	-0.011527	-0.013016	0.026097
projid10424475	0.019370	-0.044330	-0.051488	-0.041737	-0.040100	0.037602	0.018806	0.004724	0.069092	-0.077255	-0.055836	-0.054504	0.029509	0.085242	0.019444	0.109340	-0.003918	0.002466	0.039553
projid10433070	-0.022252	0.015355	0.032157	0.019188	0.007368	-0.022127	-0.062876	-0.019935	-0.009701	0.014939	0.012885	0.012315	-0.006164	0.008519	-0.067887	0.002208	-0.029670	-0.066432	-0.004643
projid10435090	0.013779	0.017651	0.019066	0.004443	0.041408	0.000985	-0.039271	0.018847	-0.033721	0.051173	0.057026	0.039823	-0.033575	-0.018606	-0.040958	-0.047826	0.070884	0.017773	-0.003843
projid10436131	-0.050075	0.069899	0.082418	0.069395	0.039952	-0.071707	-0.033463	-0.053713	-0.055881	0.061695	0.077158	0.049784	-0.016724	-0.087396	0.007629	-0.120146	-0.022012	0.032484	-0.034131
projid10447620	0.058735	-0.006204	0.003600	-0.003709	-0.020684	0.016269	-0.048850	-0.012796	0.001962	-0.014730	-0.025011	-0.009053	0.033183	-0.045303	-0.026955	0.023460	-0.091215	-0.048138	-0.004223
projid10460587	0.048059	0.002608	0.000095	0.006164	-0.021431	0.019211	0.017242	-0.014926	0.001302	-0.039670	-0.050066	-0.036616	-0.006154	-0.045351	0.019093	-0.000880	0.071201	0.000527	-0.007287
projid10473384	0.023420	-0.023340	-0.028339	-0.006234	-0.068155	0.025688	0.038962	-0.006927	0.046695	-0.061142	-0.072251	-0.062105	0.026247	-0.022738	0.021763	0.028199	0.042003	0.033070	0.023577
projid10478041	0.024974	0.079059	0.045223	0.069736	0.052647	-0.040011	-0.087734	-0.075713	-0.049656	0.001611	0.051194	0.021711	-0.023211	-0.072622	-0.098554	-0.050003	0.049793	-0.013386	-0.076297
projid10480383	0.074530	-0.025402	-0.041351	-0.001022	-0.051788	0.033421	0.001972	-0.018419	0.059672	-0.068861	-0.038761	-0.040661	0.018748	0.024626	0.012833	0.023455	-0.034373	0.011263	0.010046
projid10490993	-0.021880	0.042791	0.049700	0.034002	0.068172	-0.042811	-0.059083	-0.032104	-0.048218	0.054865	0.079830	0.061260	-0.072239	0.023177	-0.047105	-0.047089	-0.078356	-0.027225	-0.046747
projid10502798	0.072504	-0.099952	-0.137073	-0.088156	-0.072204	0.120185	0.020007	0.081502	0.107809	-0.082078	-0.079599	-0.073466	0.053823	0.024424	-0.001017	0.053841	-0.050584	0.016001	0.068790
projid10510090	-0.080965	-0.092640	-0.020865	-0.052740	-0.080960	0.024655	0.092019	0.080591	0.058446	0.010465	-0.002352	-0.020278	0.104746	-0.001070	0.090445	0.046218	-0.001182	0.045115	0.109637
projid10516762	-0.014574	0.023213	0.053088	0.044316	0.025038	-0.024850	-0.025819	-0.010791	-0.040300	0.037243	0.038761	0.034753	0.033309	-0.013091	-0.013068	-0.045738	-0.018457	0.009081	-0.019548
projid10518782	0.003601	0.046407	0.020520	0.051178	0.035203	-0.006023	-0.023966	-0.037314	0.000116	0.001100	0.048003	0.020506	-0.068920	-0.029386	-0.024787	0.076550	0.002634	-0.004972	-0.034047
projid10536568	0.006517	0.059457	0.020364	0.053908	0.076711	-0.062755	-0.116367	-0.046869	-0.074292	0.037376	-0.032483	0.073277	-0.083555	-0.044801	-0.111756	0.036775	-0.048968	-0.131781	-0.087427
projid10551157	-0.001171	-0.037974	-0.044139	0.002196	0.002582	0.048473	0.075084	0.068820	0.001045	0.009404	0.012946	0.030678	0.031694	0.008712	0.029037	-0.016537	-0.022704	0.110550	0.026268
projid10557081	-0.031497	0.028954	0.042854	0.018217	0.053050	-0.021190	-0.008247	0.000970	-0.043279	0.059674	0.090118	0.043216	0.007712	-0.030251	0.014625	-0.044875	0.005147	0.003475	-0.015288
projid10577337	-0.024013	-0.072936	-0.033169	-0.033667	-0.051201	0.008874	0.019262	0.043938	0.058591	0.005220	-0.029289	-0.028857	0.060518	0.015940	0.034449	0.071113	-0.033221	-0.041129	0.053591
projid10589255	-0.001106	0.014411	0.000728	-0.032110	0.035879	0.004307	0.040737	0.015623	-0.037656	0.018658	0.053045	0.007943	0.002801	-0.054115	0.049703	-0.071569	0.028053	0.002275	-0.006478
projid10669174	0.071807	-0.096194	-0.147534	-0.137367	-0.108764	0.115423	0.008126	0.089200	0.162062	-0.106029	-0.073804	-0.115097	0.045518	0.054428	-0.024806	0.065927	0.026156	0.071901	0.106998
projid10684501	0.016516	0.013548	0.016312	0.003606	-0.029548	-0.007194	0.021143	-0.002846	-0.010767	-0.002919	-0.029495	-0.020874	-0.049059	-0.010339	0.028037	0.045523	-0.029272	0.042205	-0.000975
projid10850171	0.001166	-0.014068	0.003470	-0.061673	-0.063983	0.010816	0.085236	0.022688	-0.001487	-0.058625	-0.053739	-0.079837	0.013491	-0.057480	0.085912	0.008303	0.035805	0.078995	0.028553
projid10866165	-0.025483	0.019939	-0.019859	0.019524	0.017061	-0.025852	-0.017855	-0.006159	-0.001272	-0.009881	-0.023625	-0.000243	-0.059952	0.047313	-0.032763	0.036032	0.039814	-0.047332	-0.013056
projid10885370	0.008209	-0.045668	-0.036972	-0.049416	-0.040111	0.038576	0.007727	0.037079	0.044367	-0.017489	-0.020814	-0.028202	0.018477	0.011932	0.007855	-0.022430	-0.074871	0.036489	0.049731
projid10901987	-0.099430	-0.002794	0.049527	0.061803	0.046843	-0.065371	0.013994	-0.009136	-0.043497	0.094709	0.038762	0.104245	0.063654	0.037998	0.032126	-0.003570	-0.011441	0.008070	-0.007228
projid10929637	-0.025336	-0.026221	0.000494	0.017759	-0.000993	-0.013065	0.022342	0.029502	-0.033611	0.041964	-0.009430	0.028075	-0.004582	0.047409	0.011091	-0.009793	0.065253	0.022827	0.005212
projid11157783	0.011244	-0.084019	-0.083933	-0.068039	-0.072309	0.077034	0.095565	0.070862	0.058720	-0.062581	-0.067129	-0.064475	-0.107333	-0.008605	0.072988	0.046357	0.025792	0.013116	0.070922
projid11165535	-0.091776	-0.050435	-0.023256	0.013135	0.012549	-0.032140	0.009025	0.029763	0.007902	0.047347	0.014967	0.056201	-0.081697	0.044420	-0.008139	-0.028668	-0.021539	-0.016682	0.029628
projid11200645	0.056574	-0.015066	-0.050662	-0.020097	-0.008751	0.061763	0.058091	0.023354	0.034288	-0.058100	0.003612	-0.031540	0.043264	-0.010918	0.033272	0.030853	0.060528	0.030190	0.008703
projid11259716	-0.028876	0.001448	0.005338	-0.029864	0.000973	0.010284	0.030462	0.034207	-0.027690	0.021778	0.022356	0.007750	0.011293	-0.016700	0.057063	0.019786	0.005385	0.064669	0.027585
projid11302830	-0.065693	-0.033247	-0.001189	-0.029507	-0.003253	-0.014422	0.020522	0.035909	0.022362	0.018182	0.015613	0.011344	0.014854	0.044945	0.031597	0.095569	-0.013071	0.000403	0.044750
projid11310844	-0.041140	0.027876	0.050950	0.056229	-0.024859	-0.075082	-0.031690	-0.067757	-0.025519	-0.008774	-0.080006	-0.011814	-0.058590	-0.043375	-0.035028	-0.023154	0.003374	-0.064781	-0.034301
projid11319389	0.096082	0.004237	-0.013639	-0.060555	-0.075760	0.054508	0.049767	-0.015769	0.026628	-0.099952	-0.081958	-0.123721	0.075098	-0.048074	0.050608	0.044704	0.080497	0.022495	0.009060
projid11326252	0.000969	0.031620	0.041922	0.014913	0.003670	-0.023943	-0.006989	-0.031483	-0.020017	-0.004706	0.006414	-0.004386	-0.047472	-0.024539	0.019796	-0.041279	0.001541	0.032202	-0.018757
projid11327005	-0.000721	0.040217	0.030872	0.043351	0.029137	-0.026997	-0.042600	-0.038746	-0.029563	0.000186	-0.001718	0.007653	-0.053204	-0.027303	-0.048236	-0.038820	-0.038719	-0.038470	-0.043439
projid11331231	0.004340	0.024092	0.001250	-0.016051	0.048057	0.003869	-0.010673	0.006297	-0.036864	0.026798	0.045816	0.015656	0.009698	-0.089527	-0.022484	-0.087853	0.036238	-0.023761	-0.022768
projid11336574	-0.008725	0.016282	-0.008015	0.008886	0.012592	-0.006235	-0.036356	-0.022631	0.023875	-0.030768	-0.006507	-0.002405	-0.060467	0.005075	-0.031537	0.045040	-0.064920	0.009875	-0.012554
projid11342432	-0.022380	0.000710	0.027194	-0.013173	-0.015692	-0.015370	0.003150	0.016958	-0.007006	0.031466	0.014198	0.014089	0.031129	0.019791	0.045505	0.001595	-0.032344	0.029932	0.019309
projid11345331	-0.047925	-0.018689	-0.002533	-0.023809	0.009268	0.004539	0.029638	0.050265	-0.027112	0.046172	0.018974	0.022215	0.030559	-0.026182	0.026169	0.015533	-0.014252	0.027302	0.032064
projid11349119	-0.066885	0.035863	0.035759	0.025126	0.043058	-0.074131	-0.031064	-0.037526	-0.023241	0.051176	0.032155	0.048533	0.024557	-0.047780	-0.010230	-0.004410	0.026682	-0.060104	-0.028291
projid11353057	-0.042149	-0.053574	-0.050280	-0.019087	-0.010303	0.041768	0.049892	0.049175	0.053289	0.005721	0.010834	0.013992	0.045412	0.031077	0.019410	-0.023953	-0.008359	0.098092	0.052704
projid11395417	-0.000103	0.056780	0.046201	0.030935	0.058053	-0.015340	-0.057110	-0.030734	-0.040687	0.031549	0.076006	0.042871	-0.031792	-0.055898	-0.036070	-0.055659	-0.052594	-0.053342	-0.037800
projid11399321	0.013729	0.010388	-0.001780	-0.052379	0.006912	0.020470	-0.039719	0.037403	-0.008036	0.015089	0.033045	-0.002200	-0.026497	-0.001088	-0.049257	0.003816	-0.051273	-0.027580	0.040264
projid11409232	-0.009829	-0.010018	0.022304	0.003287	-0.031192	-0.013413	-0.025277	-0.001553	0.000612	0.009326	-0.030401	-0.010329	0.038021	-0.015302	-0.009860	0.033712	-0.078081	-0.011113	0.017110
projid11413170	0.022233	-0.000287	0.004633	0.016805	0.010288	-0.008772	-0.060998	-0.023893	0.002416	0.006217	0.017430	-0.006945	-0.090538	-0.027084	-0.066585	0.035089	-0.003149	-0.072849	-0.013781
projid11430815	0.037713	-0.047477	-0.037399	-0.007703	-0.016649	0.059411	0.042257	0.038001	0.016447	-0.022543	-0.023677	-0.003265	0.007676	-0.011861	0.029405	-0.002479	0.003584	0.038055	0.021441
projid11440263	-0.042418	0.001412	0.014794	0.047638	0.018691	-0.033968	-0.079615	-0.041727	-0.006834	0.015317	-0.030451	0.041002	0.035281	0.031230	-0.086679	0.057784	-0.126127	-0.038839	-0.021506
projid11444465	-0.065335	-0.014843	0.024904	-0.042949	0.040994	-0.031745	0.012925	0.031077	-0.052609	0.078824	0.029017	0.043037	0.001953	0.008241	0.002683	-0.009783	-0.008585	0.000109	0.002592
projid11453772	-0.101089	-0.046309	0.020537	-0.033969	0.032796	-0.001701	0.029810	0.089141	-0.059556	0.103407	0.034912	0.054891	0.047500	-0.032810	0.035120	-0.049793	-0.010142	0.001002	0.038467
projid11455530	0.042538	-0.061983	-0.063673	-0.055629	-0.080083	0.061598	0.006487	0.027686	0.085912	-0.076780	-0.068061	-0.073066	0.072632	0.051122	0.003547	0.085299	-0.054312	-0.007208	0.056680
projid11460357	-0.044460	-0.044216	-0.066416	-0.075176	0.056376	0.011137	-0.028598	0.058187	0.019918	0.031757	0.058823	0.047636	-0.012532	0.055457	-0.048904	0.027183	-0.060608	-0.027823	0.032052
projid11464261	-0.001526	0.041715	0.028786	0.016196	0.050653	-0.006685	-0.053501	-0.023272	-0.028452	0.019640	0.087543	0.037139	-0.017976	0.018629	-0.047271	-0.058130	-0.019255	-0.009345	-0.017440
projid11466579	0.040837	0.035854	0.016035	-0.009363	0.002450	-0.006176	0.009412	-0.014064	-0.017733	0.012380	0.049579	0.002903	-0.002130	0.009644	0.034736	-0.018096	-0.041155	0.026637	-0.010086
projid11467746	-0.021954	-0.017847	0.017573	0.011746	0.006282	-0.029021	-0.009327	-0.006517	-0.032106	0.032271	-0.064811	0.019061	-0.037072	0.020612	-0.009144	-0.004167	0.026358	-0.035121	-0.009032
projid11469504	0.011656	0.006602	-0.007607	0.010945	0.018814	0.013428	-0.037225	-0.003275	0.002196	-0.005505	0.007303	0.005046	-0.033973	0.012806	-0.051980	-0.043545	-0.039020	-0.016996	-0.019344
projid11471260	-0.107606	0.113734	0.140583	0.156547	0.128288	-0.152126	-0.030458	-0.073258	-0.147467	0.154231	0.104437	0.158439	-0.058328	-0.054639	-0.018968	-0.058719	0.141226	-0.026386	-0.115427
projid11606935	-0.035037	0.020515	0.037146	0.012409	0.016378	-0.019981	0.031513	0.000814	-0.036671	0.033798	0.033448	0.023403	-0.000001	-0.029608	0.033565	-0.041452	0.177910	0.016721	-0.012565
projid11615242	-0.033381	0.015595	0.010029	-0.012043	0.050310	-0.017249	-0.011668	0.008967	-0.034436	0.045563	0.070382	0.039920	-0.020418	-0.019529	0.005321	-0.021202	-0.033522	-0.020522	-0.005808
projid11616707	0.062113	-0.006200	-0.005577	0.007309	-0.041461	0.028479	0.012963	-0.018671	0.025151	-0.048278	-0.034346	-0.042567	0.039353	-0.027148	0.011120	0.033998	-0.022708	0.010555	0.003108
projid11619606	-0.005943	-0.056554	-0.035471	-0.023932	-0.074565	0.043757	0.087107	0.052307	0.054183	-0.031377	-0.057038	-0.059015	0.052058	0.031508	0.062513	0.072862	0.074152	0.054897	0.062958
projid11624423	-0.009088	-0.009252	-0.016544	0.014173	0.007034	0.001484	-0.025743	-0.023942	0.010345	-0.021539	-0.030026	0.009159	-0.017383	0.047021	-0.050782	-0.021003	-0.008248	-0.018783	-0.014836
projid11631558	-0.031880	0.000344	0.042414	0.006790	-0.004923	-0.017285	0.031729	0.007336	-0.028062	0.045883	0.039514	0.015920	0.051340	0.058563	0.069336	-0.001798	0.005427	0.056714	0.031265
projid11632851	0.023148	0.021103	-0.008469	0.024456	0.010452	-0.013523	0.006522	-0.038182	0.006611	-0.027383	-0.007896	-0.015773	-0.040121	-0.020693	0.015666	0.026566	0.006544	0.039968	-0.018726
projid11652071	0.031182	0.038008	0.044370	0.065003	-0.026666	-0.042242	-0.037612	-0.075771	-0.056187	-0.018115	-0.101263	-0.022939	-0.017919	-0.076663	-0.057846	-0.023104	0.055787	-0.043640	-0.060367
projid11681508	0.014025	-0.015537	-0.005373	-0.011126	-0.050942	0.014282	0.038626	-0.015750	0.036341	-0.039415	-0.009840	-0.046004	0.008330	0.058273	0.071999	0.033548	0.040095	0.045757	0.027770
projid11697592	-0.015084	0.015711	-0.025235	-0.033457	0.035529	-0.007966	-0.011414	-0.018291	-0.006951	-0.012540	0.022404	0.001080	-0.116559	-0.034152	-0.026247	-0.003262	-0.028252	-0.059143	-0.032894
projid12365619	0.061700	-0.010471	-0.035197	-0.029845	-0.049022	0.046905	0.069731	0.018301	0.025312	-0.069542	-0.054054	-0.064778	0.069912	-0.012185	0.054976	0.020050	0.065141	0.026176	0.009899
projid1243685	0.058524	-0.012134	-0.055549	-0.003019	0.008429	0.053921	-0.033115	0.011409	0.035188	-0.034619	0.001669	-0.007213	-0.023073	-0.002612	-0.057683	-0.049150	-0.068111	-0.012805	-0.009117
projid14184286	-0.018376	-0.035116	-0.000990	-0.008654	-0.037948	-0.006289	0.078072	0.019767	0.005315	0.014707	-0.005566	-0.006924	0.095392	0.023003	0.088450	0.045662	0.089518	0.078916	0.028698
projid14498577	0.047872	0.059088	0.056108	0.055495	0.026780	-0.014954	-0.067411	-0.039924	-0.058730	-0.001648	-0.001999	0.002009	-0.019413	-0.017957	-0.083028	-0.046862	0.053322	-0.013928	-0.072650
projid15113169	-0.000576	0.006902	0.010189	0.016553	-0.036116	-0.006612	0.008824	-0.020080	0.017182	-0.019948	-0.020656	-0.025314	0.030699	-0.030364	0.038803	0.009734	0.002908	0.031218	0.005178
projid15114174	0.011144	0.004525	-0.006120	0.050008	0.003062	0.012567	-0.023188	-0.030108	0.028186	-0.032892	0.007877	0.002973	0.009543	0.026763	-0.041463	-0.074301	0.000021	-0.029515	-0.027469
projid15115927	0.013692	0.030201	0.031766	0.025439	0.005348	-0.023669	-0.041484	-0.041006	-0.002641	-0.004896	0.014513	-0.005021	0.016436	0.033554	-0.032925	0.003840	0.061228	-0.013125	-0.014684
projid15121461	0.020886	-0.037572	-0.025524	0.008823	-0.039377	0.050694	0.069056	0.045718	0.014455	0.001129	-0.014918	-0.005526	0.074215	0.033283	0.056091	0.033475	0.040733	0.057279	0.035520
projid15138884	-0.006398	0.015554	0.018589	0.046892	0.007199	-0.010563	-0.019368	-0.015069	-0.008084	-0.002442	-0.004043	0.013586	0.073266	0.001703	-0.022726	-0.041177	0.070322	0.021527	-0.018629
projid15144878	0.079929	-0.001704	-0.023386	-0.053702	-0.011927	0.031520	-0.007436	0.011555	-0.009184	-0.041613	-0.077465	-0.054132	0.019510	-0.055977	-0.038113	0.021925	0.013480	-0.023874	-0.023528
projid15161351	0.024533	0.056128	0.037876	-0.003814	0.028085	-0.021568	-0.026981	0.001424	-0.026584	0.017125	0.042846	0.015839	0.011791	-0.050549	0.014503	-0.032373	0.010819	0.046186	-0.023266
projid15176592	-0.046891	0.081733	0.058682	0.053354	0.070566	-0.102489	-0.063136	-0.094665	-0.050507	0.033133	-0.001356	0.052313	-0.048072	0.003496	-0.063663	0.032372	0.002272	-0.115597	-0.081241
projid15218541	0.017461	0.013086	0.001305	0.013605	0.003285	0.004148	0.005588	-0.011045	-0.003824	-0.001458	-0.019493	0.000041	-0.016504	-0.021952	-0.003390	0.046716	0.026782	-0.008034	-0.020299
projid15387421	-0.051510	0.022292	0.063348	0.039573	-0.003332	-0.067218	0.045720	-0.042691	-0.018646	-0.004227	0.017042	-0.010553	0.012671	-0.041126	0.088533	0.006079	0.043100	0.022457	-0.006778
projid15420223	0.028824	0.034474	0.006888	0.016331	0.017515	0.005846	-0.029945	-0.025176	-0.006758	-0.023317	0.005738	-0.003006	0.041055	0.002614	-0.017384	-0.007531	0.021146	0.020453	-0.023835
projid15495024	-0.005724	-0.066382	-0.066681	-0.012919	-0.030348	0.052099	0.077225	0.071739	0.047750	-0.008532	-0.024178	-0.003332	0.007246	0.047359	0.053297	0.005594	0.057977	0.109225	0.052532
projid15712086	-0.028856	0.005906	0.015801	-0.000218	0.035034	-0.022432	-0.021661	0.015239	-0.042878	0.045050	0.029786	0.046339	-0.012823	-0.003532	-0.005834	-0.029852	0.025323	0.038701	0.003705
projid15738428	-0.042629	0.009432	0.064086	0.017025	-0.022559	-0.051572	-0.007815	-0.042335	-0.021212	0.020521	-0.037371	-0.020116	-0.015765	-0.011467	-0.002963	-0.064045	0.047347	-0.040320	-0.009184
projid15844425	-0.044404	0.047434	0.026160	0.044956	0.056070	-0.044729	-0.073158	-0.028130	-0.030238	0.026288	0.024886	0.049338	-0.025945	-0.009702	-0.054190	-0.030756	-0.051027	-0.021486	-0.043320
projid16513683	0.014908	-0.054146	-0.059293	-0.042288	-0.032329	0.058841	0.038937	0.037727	0.055322	-0.038599	-0.008346	-0.023688	0.054439	0.055912	0.038029	0.025284	0.016865	-0.016185	0.045794
projid17219510	0.012038	-0.011023	-0.009554	-0.017445	-0.041629	-0.007030	0.001121	-0.027185	0.055001	-0.049308	-0.035799	-0.035525	0.015010	0.061441	0.015624	0.092930	-0.010502	-0.063365	0.014628
projid17929065	-0.028982	-0.003945	-0.027344	0.015868	0.023616	-0.015033	-0.006514	0.000690	-0.009003	0.004924	-0.011277	0.025860	0.029143	0.008807	-0.032758	0.014515	0.046348	-0.069727	-0.015896
projid18414513	0.042404	-0.021969	-0.047557	-0.033805	-0.050462	0.043321	0.028215	0.019606	0.036434	-0.075657	-0.061370	-0.078839	0.004589	-0.065297	0.012858	0.039355	-0.005259	0.022117	0.016035
projid20102505	0.051876	0.007522	-0.003374	-0.084885	-0.007047	0.011592	0.059208	0.006814	-0.042445	-0.033987	-0.015895	-0.042581	-0.028241	-0.039166	0.062581	-0.029327	0.010056	0.022727	-0.014278
projid20104101	-0.011999	-0.034009	-0.017849	-0.039097	-0.045540	0.014711	0.033113	0.034152	0.035082	-0.021625	-0.022714	-0.046039	0.046110	-0.002855	0.043143	0.023980	0.012677	0.015457	0.043022
projid20105242	-0.036828	-0.010809	-0.011703	-0.025782	0.066347	0.011386	-0.008826	0.045114	-0.035033	0.059165	0.061257	0.066480	-0.008830	0.004682	-0.018192	-0.077626	-0.020159	0.014438	0.001922
projid20115276	-0.080717	-0.022232	0.008624	0.032966	0.027822	-0.035857	-0.016687	0.000398	0.005684	0.049718	0.014756	0.065050	0.003975	0.027229	-0.025047	0.058095	-0.054580	0.015220	0.013611
projid20120255	0.015985	0.011110	0.034347	0.012368	0.016279	-0.027131	0.019085	0.011476	-0.054775	0.040399	0.006283	0.028339	0.022699	0.005754	0.029608	0.023370	-0.020260	-0.006303	-0.024667
projid20124321	0.027170	-0.007813	-0.024418	-0.011740	-0.013343	0.028972	0.023764	0.015649	0.017637	-0.023974	-0.011492	-0.029920	-0.011672	-0.037907	0.015249	0.016385	0.015561	0.046254	0.010380
projid20139562	0.008146	-0.033685	-0.047716	-0.036390	-0.007367	0.045639	0.024172	0.048664	0.030937	-0.030303	-0.007735	-0.015714	0.009088	0.051589	0.005822	0.079892	0.010463	0.024640	0.030507
projid20139850	0.021348	0.034771	0.020658	0.041454	0.009794	-0.015256	-0.053028	-0.049937	-0.020968	-0.010159	-0.041522	0.004114	-0.037326	-0.023203	-0.083118	-0.044533	-0.047595	-0.027017	-0.049407
projid20143248	0.031894	-0.061830	-0.048743	-0.082300	-0.032318	0.084261	0.103436	0.084628	0.024059	0.001318	0.028433	-0.028373	0.065633	-0.036442	0.063903	-0.038117	-0.003330	0.068937	0.047754
projid20147026	0.003376	0.096071	0.087564	0.091371	0.059024	-0.074002	-0.057509	-0.090833	-0.078351	0.039476	0.020825	0.045187	-0.107221	0.007235	-0.025766	-0.037880	-0.055249	-0.081461	-0.080077
projid20147440	0.103843	0.002369	-0.008869	-0.049236	-0.035350	0.058015	0.040789	-0.005275	-0.008064	-0.061453	-0.056253	-0.067219	0.013003	-0.060884	0.031269	-0.006428	0.014008	0.049412	-0.011496
projid20148879	0.029046	0.035692	0.010466	0.006244	0.028435	0.001076	-0.028679	-0.019601	-0.005000	0.003529	0.034641	0.012604	-0.057544	-0.032553	-0.015611	-0.063330	-0.040712	-0.008253	-0.029914
projid20149910	-0.021469	-0.007921	0.016080	-0.000953	0.001123	-0.004707	-0.038918	0.003756	-0.017938	0.045911	-0.003218	0.026324	-0.035751	0.003430	-0.054555	-0.012966	-0.033106	-0.052751	-0.003306
projid20151388	0.045174	0.031590	0.015417	-0.036418	-0.015932	0.008552	0.034768	-0.031836	0.004882	-0.060401	-0.009018	-0.054803	-0.017187	-0.055292	0.067888	0.030939	0.018480	0.027268	-0.010955
projid20152393	-0.012538	0.047915	0.047761	0.048954	0.043962	-0.036857	-0.002371	-0.022516	-0.043189	0.026625	0.070424	0.037251	-0.017393	-0.036046	0.005089	-0.035289	-0.006365	0.018644	-0.036000
projid20154287	-0.025572	-0.002353	0.024356	0.022203	-0.012381	-0.036890	0.003200	-0.024448	-0.006850	0.016380	-0.008748	0.001846	-0.070032	0.022457	-0.010831	-0.012820	0.003259	-0.011855	-0.005257
projid20156469	0.082374	-0.026783	-0.060447	-0.018659	-0.068099	0.060095	0.032993	-0.012795	0.039006	-0.109366	-0.111132	-0.093515	0.038948	0.017970	-0.016097	0.026086	0.038384	0.004153	0.001363
projid20171508	0.094226	0.021155	-0.044246	-0.005847	-0.009911	0.052808	0.015951	-0.025812	0.027416	-0.099763	-0.060689	-0.058796	0.054006	-0.040296	-0.010575	-0.041900	-0.007922	0.022730	-0.035850
projid20173942	-0.008409	-0.021074	-0.047252	0.021721	0.030721	0.036049	0.026809	0.040482	0.008194	0.021625	-0.003918	0.042413	0.034198	0.062828	-0.015192	-0.008874	0.005345	-0.016884	-0.003854
projid20174533	0.029743	-0.076041	-0.055045	-0.055216	-0.073794	0.096251	0.063786	0.076444	0.048397	-0.032394	-0.039706	-0.047805	0.043167	0.032694	0.022058	-0.012771	0.062221	0.035641	0.074499
projid20177982	0.047989	0.021907	-0.004224	0.031656	-0.014431	-0.007828	0.008747	-0.042347	-0.026143	-0.044502	-0.090947	-0.037026	-0.002656	-0.055986	-0.022917	-0.072861	0.078177	-0.034023	-0.052498
projid20178447	-0.023172	-0.029501	-0.019106	0.010769	-0.000141	0.001708	0.038827	0.015409	-0.002081	0.027301	-0.007257	0.020529	-0.002328	0.104552	0.021797	-0.017183	0.048534	0.031749	0.016188
projid20179164	0.045394	-0.010922	-0.017023	-0.024904	-0.011407	0.025877	-0.018818	0.017040	0.006255	-0.024673	-0.010951	-0.031427	-0.009629	-0.037279	-0.026069	0.020547	-0.028421	-0.006097	0.006382
projid20185860	0.018931	0.096826	0.072907	0.036677	0.045594	-0.098016	-0.064693	-0.099358	-0.095128	0.007884	-0.057164	0.000668	-0.113657	-0.069630	-0.065448	-0.015416	0.013529	-0.072764	-0.098916
projid20187042	0.097542	-0.013029	-0.046553	-0.033171	-0.019320	0.043815	0.017612	0.003377	-0.002258	-0.057225	-0.087020	-0.056650	-0.034748	-0.081353	-0.018284	0.006574	0.029370	-0.046102	-0.029971
projid20195344	-0.020417	-0.005412	-0.002998	-0.006964	-0.000358	-0.005329	0.070855	0.032957	-0.022434	0.014333	-0.001091	0.007094	-0.008451	0.012365	0.068768	-0.007817	0.060415	0.060583	0.013604
projid20197364	0.025614	-0.041199	-0.044369	0.009291	-0.014113	0.035258	0.014463	0.021207	0.022060	-0.015830	-0.066730	-0.001761	0.078844	-0.003232	-0.012498	-0.051654	-0.014090	-0.004830	-0.007546
projid20201189	0.004450	-0.031043	-0.023632	-0.019011	-0.026528	0.027527	0.012066	0.006573	0.025684	-0.023305	-0.040315	-0.016209	0.026889	0.102088	-0.004890	0.029196	0.032297	-0.028788	0.025882
projid20201927	0.002003	-0.022616	-0.056903	0.008110	-0.010966	0.022974	-0.028587	-0.023628	0.055119	-0.067717	-0.028754	-0.024415	-0.126329	0.043547	-0.038113	-0.008071	-0.036374	0.014117	-0.007312
projid20204538	0.095831	0.016674	-0.023906	0.009138	-0.018266	0.046910	-0.010359	-0.037455	0.015067	-0.074086	-0.053483	-0.057980	-0.026481	-0.032072	-0.039831	0.027034	0.006923	-0.029278	-0.040897
projid20205705	-0.009101	-0.002862	0.003758	-0.015133	-0.001233	0.003237	0.048137	0.001802	0.000510	-0.000123	-0.014007	0.004049	0.036265	-0.057237	0.051196	-0.015349	0.008386	0.024747	0.001548
projid20207013	-0.038444	-0.079843	-0.037137	-0.052376	-0.024130	0.050378	0.060211	0.106757	-0.003789	0.044826	-0.020063	0.012799	0.094287	-0.007669	0.034662	-0.009504	-0.006832	0.024779	0.068779
projid20221273	0.031580	0.099158	0.065162	0.035498	0.001515	-0.064534	-0.031590	-0.108484	-0.032803	-0.040099	-0.033315	-0.038128	-0.108281	-0.026100	-0.002513	-0.023223	-0.018310	-0.035701	-0.082190
projid20225925	-0.020889	0.091644	0.064771	0.080162	0.096044	-0.064487	-0.020800	-0.045696	-0.091575	0.072505	0.059404	0.075563	-0.024912	-0.028840	-0.017943	-0.021148	0.066480	-0.021824	-0.079194
projid20232474	-0.036422	-0.006895	0.032534	0.019838	0.009430	-0.014324	0.014113	0.011317	-0.033041	0.046658	0.022961	0.032864	-0.021124	0.013708	0.006278	0.018093	0.045537	0.035397	0.002913
projid20233939	-0.003246	-0.079566	-0.061947	-0.082771	-0.079385	0.077640	0.084284	0.077201	0.060158	-0.052861	-0.034901	-0.074129	0.001538	0.015665	0.071251	0.007201	0.039323	0.082204	0.091498
projid20240514	-0.071258	-0.017992	0.020244	-0.026147	0.019580	-0.035492	-0.006285	0.020423	-0.021809	0.058045	0.032322	0.024913	-0.071424	-0.012950	-0.021246	-0.030089	-0.009326	-0.026194	0.016767
projid20242958	-0.030246	0.001142	0.032585	0.018773	-0.009366	-0.011957	0.036593	0.012252	-0.041795	0.041245	0.003357	0.011267	0.017821	-0.009297	0.034863	-0.034714	0.030808	0.035735	0.005585
projid20244554	0.083242	0.086220	0.034445	0.011365	-0.001674	-0.031070	-0.059527	-0.088302	-0.019227	-0.068494	-0.034315	-0.042523	-0.041186	-0.019392	-0.044749	0.024961	-0.028114	-0.021592	-0.068646
projid20249897	-0.010429	0.031854	0.015434	0.024838	0.032036	-0.025505	0.021751	-0.024031	-0.056268	0.011965	-0.031787	0.024885	-0.093779	-0.048493	-0.000942	0.002009	0.049930	-0.016333	-0.046447
projid20251553	-0.030237	-0.024669	-0.004075	-0.014589	-0.012475	-0.008017	0.071855	0.040203	-0.014458	0.024597	-0.009711	0.013438	0.046243	0.033178	0.052306	0.015324	0.105571	0.047376	0.026094
projid20252720	0.023525	0.050158	0.024412	0.011597	0.003289	-0.014893	-0.032733	-0.039729	-0.028947	-0.005773	-0.012093	-0.014315	-0.008754	-0.025808	-0.031320	-0.029205	-0.020464	0.006759	-0.027607
projid20254164	0.012152	-0.017172	-0.019141	-0.029959	-0.002073	0.036516	-0.027587	0.047858	0.009289	-0.002072	0.034186	-0.006053	0.016082	0.061252	-0.010296	0.004650	-0.041688	-0.004698	0.040337
projid20254876	0.057262	-0.052658	-0.080196	-0.068321	-0.040456	0.078102	0.056036	0.074370	0.056410	-0.034643	-0.028051	-0.033473	0.025353	0.049558	0.047940	0.045664	-0.002567	0.049268	0.055876
projid20254902	-0.014132	-0.020971	0.002723	-0.014956	-0.009427	0.011432	0.073691	0.028535	0.010794	0.017841	0.038613	0.001486	0.055812	0.027712	0.095124	0.000987	-0.007817	0.059404	0.038559
projid20260284	0.013899	-0.047751	-0.024735	-0.037287	-0.055380	0.039339	0.036389	0.029981	0.035708	-0.034314	-0.051127	-0.049532	0.026713	-0.009397	0.030674	-0.002028	-0.015710	0.036340	0.038622
projid20260734	0.044802	-0.052555	-0.059784	-0.077534	-0.072846	0.085361	0.079866	0.074570	0.046271	-0.069530	-0.045029	-0.082914	0.057239	-0.052505	0.050033	-0.003810	0.048821	0.099124	0.060295
projid20261901	-0.068111	-0.018526	0.036509	-0.010790	0.030240	-0.032942	-0.039158	0.022056	0.022174	0.079458	0.155430	0.044874	-0.002061	-0.005890	0.020676	-0.008038	-0.060985	-0.017310	0.041093
projid20263921	0.000733	-0.069538	-0.042168	-0.057655	-0.055578	0.071222	0.081813	0.068243	0.049084	-0.033848	-0.009535	-0.045680	0.024235	-0.006060	0.042665	0.023337	0.012112	0.074840	0.068149
projid20264936	0.082861	0.029154	-0.001477	0.059443	0.011727	0.023024	-0.048094	-0.019541	-0.032619	-0.021121	-0.049760	0.000099	-0.004669	-0.010111	-0.114780	-0.058172	-0.000926	-0.024530	-0.064836
projid20267709	-0.068609	-0.087215	-0.102382	-0.080062	-0.052233	-0.004020	0.031512	0.052650	0.115120	0.004063	-0.041569	-0.025568	0.001133	0.080562	0.037058	0.108097	-0.053861	0.048995	0.095390
projid20270768	-0.027531	0.029719	0.004047	0.005236	0.048152	-0.034346	-0.040968	-0.027102	0.003413	0.010553	0.054579	0.026645	-0.126906	0.035691	-0.060202	0.012143	-0.029610	-0.058746	-0.020473
projid20270920	0.026668	0.073388	0.054756	0.082337	0.056545	-0.049942	-0.064205	-0.074109	-0.053028	0.008408	0.034997	0.046099	-0.039932	-0.062788	-0.052801	-0.070884	0.006894	-0.029728	-0.079259
projid20271359	-0.016247	0.046743	0.024969	0.050865	0.068059	-0.039136	-0.014690	-0.009791	-0.052968	0.058876	0.062447	0.068876	0.015891	-0.013928	-0.011761	-0.021889	0.036979	0.022490	-0.042551
projid20275399	0.046317	-0.002813	-0.010229	-0.003338	-0.023454	0.028620	0.029202	0.019591	0.004321	-0.005072	-0.025413	-0.015139	-0.008908	-0.020959	0.029228	-0.000035	0.003044	0.049961	0.010439
projid20280666	-0.019561	-0.031052	-0.016245	-0.034976	-0.011504	-0.003068	-0.024528	0.015614	0.043404	-0.012683	-0.006603	-0.019533	-0.021226	0.013393	0.004477	0.048573	-0.098851	-0.021601	0.025924
projid20297791	0.012552	0.031663	0.017856	-0.014276	0.008846	-0.027397	-0.007707	-0.006853	-0.029950	0.031859	0.003255	0.011499	-0.004420	-0.013234	0.034595	-0.006514	-0.054962	0.011770	-0.002054
projid20299973	0.031309	-0.030928	-0.023411	-0.015225	-0.019039	0.052880	0.047449	0.022995	0.024915	-0.025429	-0.002392	-0.009375	0.077989	-0.006006	0.003593	0.002512	0.041536	0.026791	0.016716
projid20311676	-0.038852	0.008613	0.056464	0.041888	-0.011532	-0.044297	-0.005715	-0.024120	-0.015330	0.034422	-0.007573	0.019536	0.002162	-0.021654	0.028351	-0.081991	-0.023052	0.000277	-0.008035
projid20344143	0.093538	-0.004998	-0.050635	-0.009419	-0.024499	0.061941	0.017808	-0.034088	0.049238	-0.097751	-0.039358	-0.061211	0.089735	0.023375	0.024872	-0.050466	0.015286	0.047350	-0.011066
projid20358955	-0.016481	0.052328	0.063635	0.081869	0.050191	-0.050947	-0.049555	-0.065398	-0.050246	0.023032	0.035379	0.056509	-0.030514	-0.036884	-0.072024	-0.033015	0.041620	-0.040220	-0.066029
projid20365116	-0.058356	-0.084759	-0.017211	-0.025009	-0.064570	0.003367	0.021267	0.045530	0.055155	0.022900	-0.017723	-0.002556	0.077548	0.140490	0.040430	0.085800	-0.021520	0.006252	0.083175
projid20376029	-0.018135	-0.082228	-0.079847	-0.032037	-0.054182	0.015626	0.013559	0.010215	0.074779	-0.055157	-0.076637	-0.042506	0.020041	0.087256	0.007241	0.024627	0.007065	-0.030320	0.042833
projid20390027	0.052452	-0.045329	-0.108510	-0.032010	-0.009746	0.094098	0.058090	0.058033	0.062161	-0.050171	-0.029695	-0.017081	0.068556	0.094038	-0.001225	0.014110	0.051041	0.079606	0.030105
projid20399274	-0.038254	-0.043358	-0.028657	-0.066824	0.028833	0.015406	0.009792	0.054348	-0.004756	0.026484	0.032198	0.015717	-0.096725	0.019787	-0.014816	0.039479	-0.005556	-0.007310	0.026555
projid20416210	0.032214	0.028541	0.018206	0.002181	0.002516	0.017194	-0.028290	-0.022924	0.011747	-0.033486	0.028898	-0.020941	0.051634	-0.016503	-0.026523	-0.022974	0.008475	-0.001138	-0.008501
projid20431359	-0.001005	-0.109718	-0.093787	-0.092494	-0.065292	0.118740	0.047579	0.124690	0.097933	-0.008519	0.033638	-0.053995	-0.022627	-0.028402	0.026628	-0.023133	-0.016464	0.042557	0.106212
projid20453625	0.021459	0.042121	0.029884	0.075053	0.027692	-0.011657	-0.000154	-0.039547	-0.044068	0.000137	-0.000872	0.031603	0.017295	-0.018227	-0.001912	-0.058382	0.018597	0.002035	-0.054720
projid20455807	0.091137	-0.007788	-0.034399	-0.055195	-0.076137	0.030462	0.052373	0.015970	0.051925	-0.066968	-0.041420	-0.086643	-0.009604	0.003187	0.079486	0.084652	0.013002	0.014896	0.034061
projid20487369	0.096207	0.011517	-0.021860	0.000604	0.013260	0.035827	-0.035109	-0.022894	0.011082	-0.054571	-0.007658	-0.013066	0.071237	-0.006395	-0.037169	-0.021059	-0.016980	0.032481	-0.037507
projid20494368	-0.038731	-0.000493	0.008374	0.019841	-0.013538	-0.013996	-0.020081	-0.003734	0.008055	0.008421	-0.005024	0.008337	-0.007043	0.030491	-0.016264	-0.038329	-0.019297	0.042981	0.017366
projid20500815	-0.054647	0.042758	-0.007114	0.069267	0.102909	-0.085160	-0.124183	-0.077365	0.004197	0.040476	0.042479	0.104057	-0.042905	0.043343	-0.127302	-0.010293	-0.086170	-0.160373	-0.064570
projid20501668	-0.002101	-0.016830	-0.029878	-0.022693	0.017893	0.005487	-0.018450	0.022535	0.012857	0.001187	0.019610	0.010980	-0.019691	0.021635	-0.024792	0.020845	-0.006450	-0.035800	0.005837
projid20504017	0.004313	-0.009015	0.001055	-0.023242	0.038822	0.018423	-0.003956	0.053009	-0.030798	0.044666	0.065977	0.041163	0.017695	-0.019901	0.016677	0.003743	0.030890	-0.010455	0.020376
projid20521752	-0.038893	0.015632	0.032986	0.002610	0.006461	-0.019468	-0.040525	-0.011662	-0.013567	0.011679	-0.025885	0.007301	-0.020292	-0.001960	-0.033925	0.052224	-0.032979	0.000928	-0.009466
projid20532115	-0.056407	-0.021772	0.019683	-0.003790	0.011995	-0.011461	0.007307	0.047127	-0.034216	0.065085	0.021627	0.046126	0.073574	-0.015327	0.015204	-0.082259	0.045241	0.000669	0.022363
projid20559562	0.023092	0.029768	0.023129	0.012603	-0.030923	-0.005828	0.002200	-0.043983	0.009826	-0.033284	0.005592	-0.036156	0.009946	-0.018265	0.024688	-0.016010	-0.020745	0.033525	-0.007774
projid20561642	0.048817	-0.072263	-0.064498	-0.042025	-0.055843	0.057033	0.100755	0.048317	0.057352	-0.040143	-0.018500	-0.035834	0.052473	0.046299	0.071000	0.016757	0.064176	0.043552	0.042522
projid20569910	-0.014743	-0.014959	-0.041300	-0.024793	0.021586	0.012523	-0.008326	0.026065	0.020097	-0.005278	0.011851	0.007852	-0.070246	0.040677	-0.029914	0.026920	-0.004844	0.021293	0.010197
projid20583594	-0.005860	0.065019	0.052196	-0.000902	0.069910	-0.033154	-0.049290	-0.027883	-0.060494	0.040156	0.094777	0.037870	-0.019469	-0.006830	-0.023576	-0.062274	-0.052884	-0.019000	-0.036331
projid20584923	0.046692	-0.074819	-0.101485	-0.091698	-0.058462	0.100994	0.049960	0.089044	0.073038	-0.072648	-0.040520	-0.070704	0.025013	0.016046	0.036677	0.053224	0.027609	0.039430	0.074456
projid20594407	-0.045428	0.040168	0.062385	0.040727	0.059223	-0.044479	-0.020214	-0.010376	-0.069916	0.072788	0.075181	0.066059	-0.063919	-0.014556	0.013115	-0.028967	-0.026909	-0.019030	-0.028160
projid20602974	0.026232	0.053740	0.052030	0.042917	-0.008653	-0.054186	-0.042277	-0.082791	-0.015784	-0.013337	-0.026076	-0.012776	-0.016547	-0.014669	-0.026695	-0.006026	-0.018634	-0.023240	-0.044142
projid20603141	0.068547	-0.067607	-0.077948	-0.050535	-0.049752	0.094504	0.028925	0.039978	0.058188	-0.066394	-0.063319	-0.046195	0.109401	0.052126	-0.008515	-0.014633	-0.042958	0.049715	0.039508
projid20610726	-0.059578	0.008049	0.036163	0.023137	0.043471	-0.016125	0.067812	0.020157	-0.055787	0.088841	0.096603	0.062561	0.000330	-0.009685	0.086441	-0.055344	0.093903	0.040519	0.006106
projid20611993	-0.069090	-0.008113	0.028588	0.026201	0.014113	-0.017021	-0.029151	0.030291	-0.043420	0.076055	0.015044	0.042433	0.011219	0.028206	-0.024170	0.055049	-0.001231	0.002218	0.013887
projid20630946	0.012074	0.042774	0.036104	0.076569	0.014714	-0.015128	-0.023604	-0.046008	-0.030893	-0.006712	-0.019433	0.023577	0.002311	-0.041837	-0.038278	-0.055512	-0.000235	-0.007987	-0.048081
projid20646778	-0.001282	0.002729	-0.017699	0.045890	0.001443	0.008202	0.020625	-0.007161	0.024249	-0.013197	0.013002	0.006224	-0.004663	0.018191	0.013351	0.001262	0.055165	0.028613	-0.017864
projid20656964	0.018873	0.031537	0.021087	-0.026156	0.030101	0.013729	-0.038033	0.007761	-0.031102	0.007410	0.035331	-0.000472	0.023470	-0.004868	-0.029422	-0.009333	-0.054173	-0.006803	-0.003986
projid20665307	-0.057355	0.027148	0.034045	0.004547	0.060480	-0.026688	0.018258	0.021998	-0.062509	0.084646	0.065918	0.072903	0.030702	0.028523	0.032542	-0.021133	0.025171	0.022518	0.001001
projid20674902	-0.025837	-0.061052	-0.022178	-0.025236	-0.013697	0.023506	0.056975	0.071886	-0.002018	0.052152	0.011656	0.031854	0.055735	-0.054236	0.070054	0.073241	0.035827	0.008090	0.048501
projid20683921	-0.041276	-0.021638	-0.051547	-0.030792	-0.009193	-0.006804	-0.032123	-0.018455	0.039344	-0.022665	-0.021606	-0.010185	-0.020802	0.111756	-0.043325	0.019567	-0.035889	0.021074	0.009478
projid20706215	-0.047219	-0.106014	-0.067397	-0.112330	-0.098027	0.059481	0.065078	0.098041	0.063149	-0.004796	-0.031953	-0.078115	0.047890	0.074249	0.037929	0.022179	0.038012	0.043866	0.121060
projid20726273	-0.029119	-0.001757	-0.001509	-0.012307	0.020495	-0.002705	0.016859	0.012121	-0.002622	0.019245	0.033129	0.026232	-0.002577	-0.006199	0.022228	0.010434	-0.008490	0.029557	0.009909
projid20730959	0.030477	0.021970	-0.006862	0.019342	-0.011785	-0.000028	-0.014179	-0.032922	-0.002098	-0.034250	-0.045819	-0.029791	-0.030707	0.013894	-0.021143	-0.015157	-0.019245	0.012332	-0.028573
projid20767628	-0.065030	0.096569	0.107382	0.143383	0.126220	-0.102507	-0.036373	-0.065452	-0.103955	0.134334	0.160590	0.142711	-0.009729	-0.064800	-0.038091	-0.137471	0.024978	-0.028198	-0.100483
projid20774339	0.038446	0.026209	0.022485	0.004711	0.016480	0.012850	-0.005412	0.019038	-0.038505	0.029586	0.010266	0.021527	-0.001000	-0.069131	-0.011139	-0.030747	0.012704	0.021179	-0.015945
projid20779834	-0.121003	-0.057534	-0.009561	-0.047939	-0.053212	-0.024853	0.006429	0.078452	0.053652	0.028812	-0.006288	-0.024919	-0.079734	0.009816	0.019063	-0.034885	-0.021757	-0.057571	0.097793
projid20780035	0.041635	-0.068581	-0.088423	-0.056077	-0.042896	0.083277	0.030021	0.066733	0.062742	-0.059080	-0.041507	-0.057762	0.011679	-0.047477	0.039304	0.002368	0.015952	0.024995	0.050870
projid20798913	0.114614	-0.047141	-0.106735	-0.083067	-0.073100	0.098473	0.098640	0.032474	0.059723	-0.102751	-0.088281	-0.095859	-0.003054	0.128505	0.058607	-0.010519	0.064531	0.022916	0.031316
projid20800682	-0.032844	-0.029043	-0.090636	-0.047163	0.013550	-0.028109	-0.041715	-0.002484	0.106196	-0.025463	-0.000172	-0.012067	0.012245	0.093331	-0.064853	0.032991	-0.051710	-0.141259	0.041888
projid20821943	-0.000473	-0.017751	-0.023914	0.015970	0.001118	0.008850	-0.020745	0.003131	0.035142	-0.026900	-0.009259	-0.004076	0.072439	0.002346	-0.003304	0.048655	-0.104554	-0.034042	0.009172
projid20834164	-0.022867	-0.007971	-0.001601	-0.009977	0.029436	0.008213	0.023189	0.030972	-0.026733	0.039064	0.055857	0.033218	0.002233	-0.028635	0.027889	0.029535	0.002522	-0.003977	0.005254
projid20865035	-0.094330	-0.056199	-0.000457	0.015460	0.002229	-0.014540	0.009679	0.049595	0.019453	0.067605	0.015226	0.055779	0.052610	0.015844	0.014756	0.096911	-0.046199	-0.019931	0.043878
projid20898476	0.036112	-0.016970	-0.023925	0.017439	-0.023030	0.044902	0.026196	0.016667	0.017837	-0.024604	-0.027494	-0.004992	0.005870	-0.018384	0.020000	0.003760	0.035776	0.039708	0.004836
projid20904509	-0.005757	0.056130	0.051736	0.055741	-0.000406	-0.046462	-0.034408	-0.065695	-0.024266	-0.004052	-0.008815	-0.000763	-0.031122	-0.061918	-0.047676	-0.054381	0.003888	0.005790	-0.045744
projid20906079	-0.001845	-0.029092	0.007847	-0.067409	-0.075324	0.029291	0.064620	0.046329	0.007345	-0.022777	-0.013840	-0.066874	0.051249	-0.081502	0.097615	0.042876	-0.006750	0.093015	0.071881
projid20906493	-0.038947	-0.036659	0.005687	0.001593	-0.019167	-0.024376	-0.053367	-0.016808	0.045832	-0.002691	0.017966	0.011556	0.022781	0.049825	-0.032007	-0.004813	-0.091678	-0.038488	0.038391
projid20907246	0.007041	0.015587	0.012496	0.035942	-0.017689	-0.009272	-0.032261	-0.055310	0.010283	-0.031118	-0.020608	-0.005904	0.011941	0.017552	-0.030942	-0.009438	-0.034104	-0.014664	-0.027342
projid20914669	-0.022650	0.044698	0.055079	0.075695	0.021931	-0.049093	0.001967	-0.037246	-0.065957	0.059759	-0.001642	0.042834	-0.017985	-0.027024	-0.004772	-0.086464	0.088914	-0.003735	-0.047339
projid20922259	0.049333	0.003420	0.022130	0.002724	-0.008572	0.024598	-0.020086	-0.003677	-0.007658	-0.009201	0.014109	-0.012227	-0.041387	-0.050318	-0.009173	0.035890	-0.046828	-0.012919	0.002579
projid20925996	0.036807	-0.075436	-0.086471	-0.053694	-0.056407	0.103839	0.061653	0.090341	0.040999	-0.048072	-0.054776	-0.048290	0.046194	-0.013836	0.010496	0.005679	0.012084	0.051685	0.057947
projid20933324	0.065455	-0.010849	-0.024379	0.000132	-0.006482	0.053794	-0.003721	0.016707	0.016710	-0.041038	-0.006016	-0.023814	0.018480	0.009623	-0.005236	-0.016795	-0.002100	0.015211	0.001063
projid20939708	-0.004439	0.070886	0.056619	0.046937	0.048116	-0.055639	-0.023952	-0.075767	-0.035044	0.016285	0.074017	0.023434	-0.065672	-0.014622	-0.016723	-0.083820	0.009503	-0.019716	-0.070128
projid20942767	-0.014358	0.009312	-0.022255	0.008355	-0.002996	-0.014087	-0.047364	-0.029736	0.044983	-0.039398	-0.047940	-0.027012	-0.017864	0.084659	-0.062284	0.023326	0.029978	-0.025658	-0.008567
projid20944237	0.095184	0.084386	0.042857	0.002353	-0.009774	-0.029853	-0.046047	-0.090924	-0.021887	-0.062506	-0.012132	-0.046289	-0.091321	-0.023051	-0.004192	0.005425	-0.046673	-0.033482	-0.060494
projid20945666	0.002095	-0.017616	-0.019591	0.002314	-0.008866	0.028027	0.034312	0.022853	0.005127	-0.010020	0.011057	0.006218	0.040329	0.011306	0.017979	-0.007863	-0.028418	0.037084	0.014760
projid20946257	-0.038346	0.016858	0.039343	-0.045561	-0.026663	-0.018250	0.005244	-0.019705	0.012302	-0.009370	0.032015	-0.037827	0.001100	-0.009292	0.053095	-0.004686	-0.045313	-0.016430	0.024947
projid20946545	-0.010398	0.041494	-0.015462	-0.009819	0.064311	-0.052491	-0.046736	-0.030269	-0.020748	0.033978	0.017532	0.030081	-0.115365	0.008897	-0.030186	-0.026370	-0.058810	-0.085804	-0.027563
projid20956605	0.020962	0.021786	0.011920	0.029217	-0.009487	-0.012374	-0.000585	-0.049464	-0.009369	-0.022146	-0.050390	-0.008639	-0.049289	-0.009254	-0.018874	-0.015582	0.047688	-0.021389	-0.028439
projid20956867	-0.071795	0.044971	0.047734	0.058345	0.077574	-0.068121	-0.108561	-0.015690	-0.022935	0.084458	0.108746	0.087265	0.006958	0.056240	-0.092834	0.022214	-0.065471	-0.129579	-0.003806
projid20963578	-0.040314	-0.035840	0.012626	-0.011835	-0.021494	-0.012406	0.025516	-0.005345	0.034233	-0.009420	-0.040351	-0.012869	0.015316	0.022284	0.011237	0.054591	0.066895	-0.052323	0.018138
projid20966477	-0.048376	0.024077	0.053528	0.027430	0.045252	-0.042060	0.037618	0.006796	-0.061148	0.070832	0.057528	0.060408	0.021789	-0.013636	0.044428	-0.017186	0.080857	0.021857	-0.015794
projid20969088	-0.061734	0.052014	0.051359	0.025266	0.048709	-0.061706	-0.047236	-0.048831	-0.043143	0.063480	0.069867	0.036481	0.041609	0.057148	0.033219	-0.041483	-0.048000	-0.001283	-0.022134
projid20970441	0.027056	0.018634	0.026580	0.033261	-0.004106	-0.019585	0.002487	-0.040693	-0.016316	-0.016284	-0.031490	-0.016615	-0.001536	-0.014791	0.019494	0.038120	-0.020381	-0.004321	-0.031571
projid20974481	0.006945	0.046871	0.000045	0.045181	0.016942	-0.068492	-0.074031	-0.098938	0.040070	-0.046382	-0.038894	-0.014018	-0.071611	0.028970	-0.046330	0.035425	-0.033194	-0.114435	-0.059274
projid20977678	0.029100	-0.082642	-0.080406	-0.068554	-0.019158	0.106821	0.042907	0.109324	0.055186	-0.001162	0.066245	-0.007848	0.051896	-0.020529	0.018498	-0.009149	-0.030828	0.060837	0.075911
projid20983400	0.006769	0.005136	-0.009738	0.017007	0.007867	-0.001547	0.015601	-0.010985	-0.014146	0.004277	-0.044918	0.013466	0.048671	0.023118	0.001970	0.005513	0.017281	0.002449	-0.025811
projid20989910	-0.030345	0.109607	0.109845	0.113626	0.091276	-0.096519	-0.072491	-0.092484	-0.093942	0.058065	0.062947	0.075676	-0.045892	-0.019841	-0.029581	-0.074383	0.020648	-0.052749	-0.093158
projid20993308	-0.004363	0.008911	0.016341	0.012984	0.002946	0.003152	0.010718	-0.002722	-0.018117	0.000151	0.010596	0.010009	0.035704	-0.012501	-0.000730	0.038367	0.020947	0.030513	0.003868
projid20996621	0.069895	0.021548	0.008388	0.009254	-0.023472	0.008552	-0.028577	-0.052143	-0.000368	-0.068905	-0.073312	-0.049669	0.045051	-0.060528	-0.030569	0.017923	-0.010628	-0.004825	-0.032988
projid20998065	-0.056868	0.069615	0.080731	0.077959	0.094122	-0.084473	-0.017004	-0.038140	-0.103982	0.113924	0.087535	0.107395	0.036014	-0.012574	-0.009681	-0.104539	-0.000851	-0.040779	-0.068466
projid21000180	0.004729	0.049900	0.051891	0.057250	-0.010535	-0.077318	-0.017744	-0.073036	-0.000215	0.006350	0.037314	0.003202	-0.034292	0.009852	0.038417	-0.019053	-0.040252	-0.043255	-0.035075
projid21000504	-0.083666	-0.029862	0.006240	-0.022060	0.019904	-0.035221	0.004014	0.027271	0.005502	0.050469	0.033467	0.042473	0.015873	0.115143	0.018834	0.102875	-0.051658	0.019721	0.035963
projid21000630	0.044047	-0.045005	-0.073285	-0.084610	-0.061874	0.056480	-0.006184	0.037114	0.108075	-0.099256	-0.049038	-0.097290	0.051450	-0.003674	0.000086	0.069189	-0.032241	0.011097	0.052890
projid21001519	0.057691	-0.035946	-0.091045	-0.049008	0.006924	0.089541	-0.036006	0.048534	0.081648	-0.043013	0.027807	-0.025564	0.036357	-0.029573	-0.046676	-0.009119	-0.047554	-0.000953	0.020007
projid21001807	-0.020090	-0.032221	0.004898	0.003120	-0.025815	-0.007938	0.035109	0.018153	-0.005720	0.027091	-0.038252	0.015315	0.011916	0.050772	0.036903	0.015903	-0.010614	-0.011717	0.021107
projid21001933	-0.047618	0.021547	0.037996	0.050956	0.011249	-0.035469	-0.003006	-0.028989	-0.026776	0.023045	0.012695	0.032708	0.027015	0.015262	0.012949	-0.011962	0.083538	-0.003248	-0.011791
projid21002524	-0.062241	-0.047728	-0.013988	-0.003331	-0.006169	-0.002493	0.008577	0.044091	0.024829	0.027799	0.023237	0.026759	0.030490	0.095674	0.010254	0.066284	-0.034822	-0.009994	0.054025
projid21101658	0.010452	-0.035510	-0.076384	-0.027855	-0.010529	0.028971	0.068664	0.036837	0.052045	-0.032723	-0.023233	-0.014292	-0.004654	0.008053	0.058225	0.049712	0.058614	0.014066	0.021312
projid21112011	0.007902	0.010717	-0.010195	0.047665	0.026871	0.016162	-0.020881	-0.019839	0.008830	-0.005285	0.019418	0.040783	0.026121	-0.012436	-0.043618	-0.026193	-0.042569	-0.026389	-0.022776
projid21117192	-0.041997	0.023445	0.026260	0.014419	0.071617	-0.028301	-0.033603	0.008163	-0.055362	0.078376	0.108345	0.066191	0.005076	-0.022029	-0.024022	-0.055923	-0.044539	-0.003688	-0.013945
projid21126085	-0.014587	0.082034	0.078802	0.059526	0.076438	-0.060858	-0.075290	-0.056797	-0.081083	0.059058	0.074485	0.065042	-0.065119	-0.002593	-0.069515	-0.096867	-0.069807	-0.083301	-0.068404
projid21138877	-0.016135	0.049598	0.050909	0.009049	0.057757	-0.059103	-0.008581	-0.033997	-0.089716	0.036599	0.008579	0.048508	-0.124871	-0.066630	-0.043353	0.000453	0.041233	-0.090679	-0.070521
projid21140119	0.006153	-0.092614	-0.080507	-0.081320	-0.080366	0.080045	0.109998	0.086695	0.075280	-0.048513	-0.055924	-0.069934	0.033767	0.018063	0.076921	0.079715	0.008938	0.074946	0.080898
projid21155350	0.066093	-0.089906	-0.089677	-0.082442	-0.112313	0.096077	0.107747	0.066000	0.110557	-0.109993	-0.075208	-0.110322	0.090996	-0.001270	0.113082	0.083198	0.045753	0.045646	0.086109
projid21157370	-0.022822	-0.018130	-0.018053	-0.025509	-0.010851	-0.029593	0.030905	-0.007819	0.061922	-0.008723	0.026267	-0.010920	-0.013577	0.116695	0.017259	0.086672	0.041270	-0.001470	0.022398
projid21174303	0.053713	0.014226	0.000161	-0.030712	0.000288	0.021927	-0.021218	-0.016967	0.007844	-0.032572	-0.006152	-0.025220	0.023176	-0.014853	-0.009006	-0.052842	-0.073497	0.030098	-0.007055
projid21176459	0.011685	0.123057	0.086733	0.076984	0.077112	-0.089188	-0.085216	-0.109131	-0.099777	0.030477	0.021142	0.050774	0.004181	-0.050202	-0.059469	-0.021126	-0.000553	-0.048688	-0.120474
projid21181988	0.107166	0.023243	-0.028036	-0.010011	0.002911	0.051438	-0.028956	-0.012334	0.031300	-0.055599	-0.006236	-0.030848	-0.002573	-0.046789	-0.053771	-0.031915	-0.062805	-0.035125	-0.027228
projid21183160	-0.027209	-0.113319	-0.060224	-0.060389	-0.094698	0.024388	0.040524	0.054665	0.092424	-0.038368	-0.091864	-0.051647	0.068227	0.102101	0.028139	0.076064	-0.028955	-0.023391	0.090486
projid21185180	-0.025218	-0.032618	0.018207	0.037268	0.002170	0.004578	0.004621	0.022494	-0.018710	0.049620	0.016337	0.046084	0.040713	-0.025533	0.007412	-0.020983	-0.020940	0.054701	0.021065
projid21189544	0.053726	0.039878	-0.019693	0.009208	0.043536	0.004470	-0.072871	-0.033416	0.000201	-0.018273	0.008816	0.012457	-0.060726	-0.023225	-0.079139	0.031320	-0.004223	-0.059187	-0.052525
projid21191200	0.058596	0.055859	0.051229	0.024975	0.003590	-0.023177	-0.026358	-0.050522	-0.033107	-0.019100	-0.012495	-0.023136	-0.044279	-0.048118	-0.013946	-0.008333	-0.007677	-0.028771	-0.051966
projid21193068	-0.042588	0.080587	0.096828	0.097088	0.063802	-0.109219	-0.106030	-0.090545	-0.079651	0.057939	-0.003692	0.064592	-0.094669	-0.003454	-0.096655	0.057190	-0.022728	-0.128166	-0.098351
projid21232244	-0.008375	0.022586	0.065216	0.016926	-0.039978	-0.051947	0.010590	-0.049737	-0.023046	0.000193	-0.025069	-0.035777	0.014365	-0.041326	0.035822	-0.007031	0.080963	-0.012230	-0.011589
projid21272396	0.009353	0.018857	0.021505	0.005281	-0.017733	-0.016472	0.021697	-0.014351	0.005467	-0.009574	0.012448	-0.019628	0.001526	-0.072086	0.050013	-0.021864	0.019849	0.053111	0.001726
projid21274280	-0.047223	-0.030844	-0.052786	-0.060511	0.026911	0.006053	-0.026385	0.060732	0.024632	0.025796	0.012098	0.025984	-0.007536	0.046458	-0.037734	0.015165	-0.000598	0.007977	0.048147
projid21274866	0.028339	0.047158	0.020178	0.041623	0.025948	-0.014864	0.022373	-0.037008	-0.035456	-0.030343	-0.019062	0.003818	-0.003738	-0.053637	0.024229	-0.066415	0.053762	-0.000204	-0.055006
projid21293107	-0.049480	-0.081779	-0.033183	-0.035717	-0.075826	0.016459	0.022111	0.044646	0.067415	-0.016476	-0.049496	-0.045639	0.041769	0.094531	0.034184	0.112702	0.029376	0.014722	0.079496
projid21362537	-0.004168	0.072541	0.052375	0.105658	0.093082	-0.046401	-0.032444	-0.055710	-0.072557	0.066708	0.114095	0.089882	-0.022828	-0.005762	-0.053986	-0.097032	-0.021848	-0.021309	-0.084401
projid21402016	0.017214	0.069180	0.047131	0.042462	0.035673	-0.036168	0.011113	-0.037722	-0.054852	0.021582	0.032945	0.020743	-0.023465	-0.063523	0.022595	-0.043307	0.044883	-0.004235	-0.048935
projid21402304	0.015840	-0.032810	-0.021149	0.005360	-0.033051	0.025294	0.005125	0.003751	0.017001	-0.028886	-0.072569	-0.023250	-0.013035	0.003240	-0.024911	0.009750	0.038356	-0.049241	0.004515
projid21403733	-0.070029	-0.006170	0.017075	-0.039834	0.040268	-0.027538	-0.005578	0.028289	-0.027793	0.066897	0.043910	0.036850	-0.005506	0.008271	0.019668	-0.016262	-0.023934	0.007396	0.020278
projid21405627	-0.071063	-0.010720	-0.007219	0.000901	0.040893	-0.027658	0.025698	0.021450	-0.006040	0.054416	0.049977	0.034680	-0.057382	0.012538	0.003550	-0.044776	0.067471	-0.010056	0.008588
projid21407511	-0.000181	-0.001589	0.033924	0.004405	-0.052855	-0.013396	0.025849	-0.027068	0.009189	-0.012042	-0.062701	-0.030303	0.044968	-0.002979	0.049487	0.021894	-0.017956	0.003018	0.009234
projid21411297	0.043146	-0.035505	-0.029597	-0.073188	-0.055458	0.053976	0.045466	0.023479	0.043556	-0.062946	-0.032920	-0.072199	0.061938	-0.001836	0.067133	0.007059	-0.000127	0.030607	0.039431
projid21411323	-0.004415	0.027840	0.033010	0.020987	0.013478	-0.027428	0.022826	-0.017350	-0.042915	0.028057	-0.001769	0.013803	-0.012505	-0.051385	0.007529	-0.038404	0.124860	0.009979	-0.039165
projid21411459	0.015933	-0.000995	-0.013809	-0.001754	-0.034400	0.005335	-0.025325	-0.042177	0.058037	-0.069154	-0.019744	-0.041394	-0.012494	0.044005	-0.014580	0.068760	-0.058972	-0.008059	0.004492
projid21412752	-0.053339	-0.025262	-0.076752	0.004114	0.019667	-0.023492	-0.057108	-0.025820	0.076659	-0.046968	-0.026934	0.000034	-0.066789	0.052229	-0.058296	0.042022	-0.054970	-0.134961	-0.009612
projid21413181	-0.066361	-0.016828	0.045631	-0.015412	-0.019692	-0.041109	0.019584	0.000343	0.009935	0.026350	0.009538	-0.000837	0.023619	0.041682	0.045021	0.059340	-0.016109	-0.023641	0.025251
projid22101842	0.076090	0.085443	0.027477	0.003149	0.026671	-0.025356	-0.098335	-0.079085	-0.002748	-0.032005	0.039157	-0.005283	-0.025256	-0.015665	-0.081678	0.143946	-0.132209	-0.078234	-0.059076
projid22776575	-0.012546	-0.004428	0.020890	-0.021732	-0.012313	-0.003247	-0.010368	0.006356	-0.019704	0.006174	-0.013686	-0.014531	0.013690	-0.017310	-0.005471	-0.005673	-0.012321	-0.001241	0.008281
projid22868024	0.017101	-0.008808	0.004583	-0.006007	-0.036886	0.020282	-0.005580	-0.009329	0.014833	-0.038513	-0.038693	-0.036976	0.007957	-0.019831	-0.007493	0.045406	-0.032572	0.030159	0.014735
projid23004922	-0.058438	-0.042478	0.001847	0.017757	-0.018143	-0.025048	0.037175	0.025493	0.014839	0.030331	-0.027144	0.026539	0.049567	-0.045360	0.055419	0.017272	0.073392	-0.028028	0.035052
projid24039289	-0.029605	-0.035110	0.026728	-0.034649	-0.060179	0.019166	0.019635	0.028150	0.044438	-0.001917	0.052277	-0.046148	-0.056967	-0.065657	0.050459	-0.135199	-0.022019	0.026872	0.059821
projid24310553	-0.023260	-0.000115	0.020786	0.021952	-0.025210	-0.009912	-0.015585	-0.024657	0.002826	-0.005938	-0.026380	-0.013180	-0.011860	-0.025051	-0.001179	0.025398	-0.025024	-0.009771	0.005465
projid2525608	-0.073528	0.014269	0.042826	0.075740	0.026377	-0.063089	-0.004067	-0.034648	-0.013079	0.057827	0.021249	0.057655	0.019238	0.016086	0.017950	0.053153	0.001602	-0.019452	-0.023429
projid25300551	0.103978	0.024261	-0.019343	-0.014819	-0.012623	0.025699	-0.024880	-0.024094	0.025613	-0.055691	-0.021712	-0.028231	-0.056475	0.026313	-0.016826	0.016494	-0.103266	0.037974	-0.020401
projid25580771	0.073609	-0.052637	-0.038008	-0.077814	-0.065684	0.070518	0.055595	0.046598	0.070538	-0.032870	0.011475	-0.074346	0.152968	0.069516	0.051283	-0.002278	0.002316	0.015441	0.064610
projid27313862	-0.035528	0.032284	0.062077	0.026791	-0.011087	-0.037415	0.028746	-0.025535	-0.025405	0.006921	0.006276	0.003437	0.010702	-0.047133	0.057675	-0.038063	0.024486	0.042328	0.001025
projid2899847	-0.064136	-0.005118	-0.012770	0.025128	0.023511	-0.015365	-0.002728	0.023535	0.014891	0.034458	0.047972	0.039175	0.046919	-0.017684	0.015508	0.005603	0.053184	-0.007853	0.014778
projid29933130	0.057156	-0.000676	-0.044347	-0.008530	-0.004832	0.050331	0.009129	0.030591	0.024597	-0.032190	0.000177	-0.018170	-0.025325	-0.020298	0.003722	0.011425	0.001845	0.040897	0.004169
projid30819298	0.036841	-0.063570	-0.005976	-0.058750	-0.057231	0.087717	0.085895	0.092386	0.017816	0.013555	0.025847	-0.029920	0.052398	-0.070197	0.062802	-0.003812	-0.006038	0.060031	0.078032
projid31509843	0.011401	-0.015492	0.055984	-0.017892	-0.072154	-0.014822	0.042490	-0.001866	0.001443	-0.005900	-0.021106	-0.051091	0.029376	-0.024986	0.090365	0.030859	-0.019452	0.081028	0.026064
projid31756046	-0.038114	-0.031369	-0.001078	-0.013877	-0.032767	0.022295	0.015506	0.048823	0.033056	0.021486	0.006719	-0.022129	0.040225	0.025322	0.031400	-0.015618	-0.000111	0.012717	0.056221
projid31908032	0.007617	-0.004955	-0.008360	-0.035383	-0.031157	0.003240	0.000180	-0.002317	0.033341	-0.021730	-0.012094	-0.031791	-0.087199	0.039026	0.009560	0.006088	-0.019107	0.039090	0.028410
projid32971269	0.018019	-0.003443	-0.009519	-0.020133	-0.025471	0.022087	-0.006934	-0.024823	0.027537	-0.053267	-0.058251	-0.054373	-0.017350	0.029998	0.021010	0.037103	-0.021829	-0.000638	-0.000693
projid33411712	0.015027	-0.050978	-0.058068	-0.063650	-0.065154	0.053462	-0.021358	0.018399	0.080953	-0.047906	-0.041650	-0.070381	0.006365	0.073324	-0.023506	0.003165	-0.028590	-0.037358	0.050495
projid33477756	-0.031122	0.024180	0.017379	0.020956	0.021629	-0.032643	-0.046674	-0.004972	-0.024243	0.022411	0.013633	0.025448	-0.053881	0.049051	-0.027063	0.017725	-0.002193	0.022798	-0.007938
projid34962204	-0.032555	-0.002391	0.010470	-0.015533	0.036439	-0.008933	-0.032803	0.024647	-0.028779	0.028106	0.053112	0.030309	-0.019965	-0.004825	-0.021372	-0.035527	-0.057483	-0.044511	-0.000306
projid35286551	0.005306	-0.001330	0.008550	-0.034383	-0.015713	0.013707	-0.055334	0.016983	-0.012592	0.003907	-0.003350	-0.028029	-0.014535	-0.007112	-0.058403	0.031970	-0.005483	0.015903	0.013750
projid35941263	0.068600	-0.033247	-0.042754	-0.015579	-0.031567	0.063885	0.071449	0.044303	0.025230	-0.043966	-0.032041	-0.031509	0.075158	-0.015704	0.070231	0.006935	0.058470	0.056378	0.024279
projid36379623	-0.026147	-0.029418	-0.025202	-0.031090	-0.056194	-0.006735	-0.028220	-0.037498	0.079052	-0.079552	-0.075691	-0.067785	0.017383	0.090514	-0.022846	0.083393	-0.044100	-0.028138	0.030837
projid36492755	-0.035045	0.001462	-0.000361	-0.009030	0.052114	-0.006136	-0.012630	0.012246	-0.029460	0.037318	0.077012	0.052945	-0.027414	-0.010836	-0.011963	-0.044042	-0.038851	-0.023805	-0.009804
projid36830117	0.085553	-0.037298	-0.039951	-0.051761	-0.049976	0.071965	0.149239	0.035926	0.004324	-0.048018	-0.039519	-0.047100	0.028535	0.003957	0.062566	-0.012176	0.054640	0.028752	0.012982
projid37065652	0.049809	-0.041347	-0.068316	-0.022924	0.000994	0.064584	0.006381	0.041777	0.028580	-0.027605	-0.039548	-0.001403	0.034015	-0.025735	-0.026269	-0.060183	-0.007749	0.000698	0.001149
projid3713990	-0.009299	-0.016672	-0.052839	0.019982	0.034243	0.021853	-0.007520	0.015442	0.022781	0.011428	0.017143	0.042826	-0.042622	0.063817	-0.043844	-0.004528	0.010559	0.022130	-0.008673
projid37178462	-0.002573	0.056539	0.044913	0.042675	0.045838	-0.033683	0.004170	-0.034676	-0.057198	0.039238	0.064175	0.040372	-0.019320	-0.050118	0.013668	-0.051274	0.046867	-0.003733	-0.048456
projid37527863	0.035569	-0.061659	-0.095612	-0.077796	-0.068204	0.081230	0.039723	0.051333	0.085958	-0.093711	-0.064908	-0.088587	0.024583	0.085031	0.015851	0.045809	-0.033709	0.002997	0.057322
projid39316600	0.020277	0.017130	0.019824	-0.002161	-0.032638	-0.022535	0.010358	-0.029041	0.000494	-0.025372	-0.034748	-0.034613	-0.036270	-0.003515	0.038915	0.047593	0.006184	0.039758	-0.001857
projid39484737	0.002214	0.023569	0.000240	-0.000597	0.021099	0.001622	0.005599	-0.002678	-0.012665	0.000810	0.006145	0.016982	0.011530	0.025133	0.018126	-0.005929	0.025777	0.002429	-0.001375
projid39989287	0.014653	-0.020186	-0.005450	-0.024642	-0.032537	0.022778	0.003325	0.029961	0.009082	-0.012324	-0.020338	-0.033030	0.053124	-0.008572	0.015850	0.021664	-0.000469	-0.002524	0.025910
projid43074402	-0.020312	0.009589	0.017777	0.000239	0.012869	-0.003389	-0.005350	0.006237	-0.029779	0.023796	0.008952	0.014360	-0.001583	-0.010060	-0.012768	0.022001	-0.019480	-0.008126	-0.005320
projid43485807	0.025481	0.023158	0.016552	0.021799	0.032158	-0.007305	-0.072440	-0.006711	-0.026973	0.021204	0.004276	0.033658	-0.021849	-0.036955	-0.086643	0.023743	-0.053326	-0.056437	-0.031652
projid44019405	-0.008482	-0.054631	-0.031728	-0.028973	-0.019392	0.032029	0.039641	0.058702	0.021984	0.015560	0.002729	0.002204	0.053763	0.026845	0.052012	0.022361	-0.035581	0.004628	0.051491
projid44299049	-0.011108	-0.027415	-0.032649	-0.024427	0.018748	0.042521	-0.005992	0.061754	0.025756	0.040249	0.074348	0.031634	-0.012829	0.119554	-0.017929	-0.009577	0.000040	0.020084	0.034513
projid45115248	-0.072466	-0.032081	-0.003472	-0.004633	-0.007279	-0.016111	0.031156	0.030231	0.005778	0.040786	0.004793	0.024691	0.037034	0.092606	0.041602	0.025075	0.030712	0.007299	0.033955
projid45566083	-0.059532	-0.090445	-0.076860	-0.048370	-0.064247	0.017846	0.052826	0.052395	0.098833	-0.029216	-0.055841	-0.029326	0.060429	0.139713	0.033972	0.103781	-0.022802	-0.027618	0.074523
projid45800230	0.039058	-0.012472	-0.005065	0.001136	0.008307	0.016168	0.028799	-0.000693	-0.031282	0.005885	-0.009646	0.011287	-0.000546	0.003657	-0.003113	-0.027479	0.001498	-0.001060	-0.028280
projid46000440	-0.031039	0.095254	0.090736	0.092739	0.074477	-0.083769	-0.041611	-0.083056	-0.085955	0.059224	0.064518	0.069505	-0.062268	-0.017331	0.001081	-0.066982	0.009533	-0.032215	-0.076639
projid46246604	0.091727	0.052745	-0.032864	-0.048388	0.006530	-0.014852	-0.047180	-0.032932	0.050292	-0.052920	0.014004	-0.036773	-0.134017	0.025282	-0.036160	0.166969	-0.103176	-0.098660	-0.022424
projid46251007	-0.033872	0.052697	0.047380	0.028687	0.073988	-0.040060	-0.032312	-0.015097	-0.073669	0.081223	0.076260	0.072214	-0.028431	-0.027621	-0.016906	-0.082225	-0.039428	-0.024566	-0.039598
projid46369736	-0.000176	0.018529	0.003633	-0.009590	0.070098	0.018502	-0.054521	0.034595	-0.001847	0.058704	0.071569	0.076602	0.001628	-0.010799	-0.036294	-0.052964	-0.013675	0.001310	0.000600
projid482428	0.040456	0.007195	-0.020143	0.030552	-0.005421	0.017382	-0.012208	-0.025735	0.009441	-0.034759	-0.034868	-0.007199	0.021114	0.025720	-0.029669	0.021580	-0.020904	-0.019159	-0.020138
projid4879843	-0.020092	0.013790	0.038677	0.047061	-0.028306	-0.050450	0.057627	-0.038563	-0.027657	0.000421	-0.046009	-0.023450	-0.001962	-0.050848	0.086312	-0.048380	0.094009	-0.007258	-0.024470
projid50100482	-0.053735	-0.051955	-0.016184	-0.036087	-0.029228	0.002103	0.015325	0.041244	0.012123	0.032654	0.011010	-0.002451	0.046359	0.113983	0.033619	0.012468	-0.001884	0.064550	0.062764
projid50100518	-0.023768	-0.015833	-0.033218	-0.016317	0.029856	-0.006097	0.045474	-0.004933	0.006571	0.006253	0.045864	0.017234	0.017684	0.069667	-0.004655	-0.052811	0.080196	0.015981	-0.008681
projid50100770	0.005369	-0.052385	-0.020897	-0.069614	-0.075416	0.036803	0.071648	0.032666	0.031534	-0.053416	-0.025017	-0.082673	0.012830	0.023674	0.065760	0.015317	0.031886	0.059846	0.064311
projid50100806	-0.105445	-0.003095	0.059659	0.040136	0.006309	-0.072169	-0.041968	-0.027746	-0.015286	0.067719	0.022316	0.039918	-0.070913	-0.009009	0.000002	-0.029744	-0.028710	-0.021654	0.002647
projid50100932	-0.001282	-0.042971	-0.081123	-0.025686	0.006319	0.041670	0.022511	0.045033	0.044966	-0.030111	-0.030526	0.009419	0.010256	0.101975	-0.037546	0.007020	0.021964	-0.027327	0.022563
projid50101073	-0.027668	-0.004853	-0.013233	-0.030139	0.038006	-0.005994	-0.032998	0.019804	0.029189	0.034979	0.038820	0.017191	-0.024009	0.027962	-0.020533	0.043096	-0.081036	-0.034586	0.024384
projid50101523	-0.042518	-0.004801	-0.047666	-0.032014	0.063133	-0.046317	-0.024900	-0.022428	0.040543	0.023757	0.056174	0.026608	-0.016488	0.131485	-0.059767	0.001334	-0.020238	-0.055735	-0.007704
projid50101659	0.016780	0.075733	0.086654	0.069017	0.023763	-0.082947	-0.036076	-0.100182	-0.088068	0.024229	-0.041269	0.014994	-0.040088	-0.078060	-0.024308	-0.007441	0.000882	-0.088575	-0.091139
projid50101785	-0.014977	0.025909	0.029895	0.043610	0.020502	-0.022410	-0.001644	-0.040651	-0.019657	0.020361	0.026835	0.041401	-0.007637	0.017161	-0.007432	-0.013450	-0.020724	-0.013140	-0.027008
projid50102088	0.026906	-0.058623	-0.009616	-0.046613	-0.033616	0.077502	0.024929	0.063392	0.028026	0.010914	0.050592	-0.018925	0.019272	0.011622	0.021185	-0.008096	-0.016470	0.019622	0.068284
projid50102240	0.007814	-0.007513	-0.000219	0.019582	-0.031613	0.013572	-0.007539	-0.017445	0.015426	-0.028392	-0.039182	-0.031131	-0.046560	0.018027	-0.048758	-0.004265	0.053173	-0.012105	0.007626
projid50102376	-0.062361	0.029002	0.001131	0.080016	0.070766	-0.095786	-0.063613	-0.060825	-0.007862	0.060948	0.019610	0.080453	-0.042378	0.067531	-0.099625	0.038208	-0.034009	-0.136445	-0.054778
projid50102952	0.082952	0.003877	-0.056456	0.006325	0.010098	0.052297	-0.038316	-0.008978	0.041656	-0.045679	0.009152	-0.012088	0.003799	-0.022278	-0.085958	-0.072552	-0.082535	-0.025911	-0.026661
projid50103129	0.023224	0.008720	-0.041025	0.028787	0.031070	0.015954	-0.089676	-0.044574	0.061416	-0.049118	0.025976	0.005859	-0.017449	-0.014223	-0.108083	0.003429	-0.119754	-0.072240	-0.043455
projid50104008	0.013932	0.030862	-0.010057	-0.003892	-0.017595	-0.051969	-0.026852	-0.060294	0.022821	-0.030842	-0.090945	-0.037015	-0.062125	0.052832	-0.010203	0.034671	-0.030125	-0.048146	-0.022282
projid50104134	0.008943	-0.032058	-0.014395	-0.009549	-0.059249	0.036316	0.053857	0.027516	0.014998	-0.027401	-0.040813	-0.041259	0.070761	-0.040350	0.045708	0.008887	0.040485	0.062210	0.038760
projid50104684	-0.046904	0.057094	0.054125	0.020423	0.074870	-0.054737	-0.042371	-0.033431	-0.059951	0.068036	0.113094	0.058621	-0.018999	0.014792	-0.018543	-0.065494	0.019179	-0.035361	-0.035971
projid50104846	0.052951	0.008066	-0.019893	0.004243	-0.047744	-0.000953	-0.011180	-0.077033	0.023699	-0.100890	-0.125520	-0.080945	-0.044181	-0.047220	-0.013801	0.029538	-0.000057	-0.053598	-0.030673
projid50105437	-0.032052	0.041027	0.097122	0.071467	0.013377	-0.067230	-0.025558	-0.071015	-0.037646	0.023549	0.023389	0.031300	-0.046120	-0.051614	0.002739	-0.110511	0.009809	-0.010510	-0.045067
projid50105699	-0.041394	-0.024953	-0.008107	-0.001682	-0.031705	0.001430	0.018175	0.009873	0.018718	0.011564	-0.015788	-0.002592	0.032404	0.079777	0.042284	0.043900	-0.028090	0.006900	0.032446
projid50105725	0.118617	0.072216	0.030447	-0.008877	0.008935	0.018402	-0.050909	-0.057142	0.013164	-0.058415	0.060319	-0.043993	-0.022750	-0.063897	-0.013029	-0.034025	-0.099456	-0.004040	-0.039434
projid50105987	-0.054512	-0.005378	0.032727	0.033773	-0.002703	-0.031438	0.053742	0.004240	-0.040463	0.041734	-0.000456	0.031067	0.031427	-0.000398	0.074005	-0.005301	0.063388	0.056280	0.004082
projid50106280	-0.064122	0.025209	0.002970	0.019675	0.063843	-0.049972	-0.046011	-0.003292	-0.013512	0.048372	0.031430	0.061153	-0.041373	0.032130	-0.021617	0.002833	-0.007767	0.009281	-0.005236
projid50106578	-0.061265	0.070746	0.082342	0.069459	0.102698	-0.095378	0.003990	-0.031363	-0.125363	0.122922	0.037333	0.144906	-0.013478	-0.095882	0.016155	-0.005783	-0.028321	-0.038773	-0.075422
projid50106730	0.017964	0.068086	0.064469	0.054478	0.116925	-0.044554	-0.117675	-0.044531	-0.074331	0.067627	0.119479	0.094179	0.019203	0.006827	-0.109183	-0.050041	-0.093256	-0.093876	-0.071012
projid50106992	0.063948	-0.002752	-0.012739	0.012515	-0.017640	0.014455	0.010125	0.008568	-0.014073	-0.000083	-0.050384	-0.014374	0.006638	-0.075956	-0.009482	-0.064180	0.078306	0.037177	-0.026105
projid50107583	-0.016219	-0.021465	-0.049961	-0.032802	-0.012006	-0.043426	-0.034857	-0.029892	0.076705	-0.036171	-0.036870	-0.024095	-0.031755	0.070222	-0.012279	0.075653	-0.103173	-0.026094	0.020525
projid50107619	0.032436	-0.021003	-0.039021	-0.009062	-0.022698	0.039170	-0.015247	-0.005361	0.041724	-0.059022	-0.043438	-0.034655	0.009101	0.054371	-0.011037	0.031137	-0.039525	-0.000410	0.013729
projid50107745	0.004490	0.010597	-0.068390	0.007410	0.026690	-0.011698	-0.074397	-0.061407	0.067724	-0.073091	-0.009376	-0.001539	-0.094213	0.063710	-0.067822	0.072370	-0.094376	-0.130860	-0.028913
projid50107871	0.035767	-0.025304	-0.046824	0.004293	0.017920	0.057006	0.030910	0.034181	0.005630	-0.009953	-0.020325	0.013776	-0.013942	0.004965	-0.041842	-0.021117	0.063025	0.046670	-0.008537
projid50107907	-0.005889	0.055379	0.030593	0.059428	0.025502	-0.041588	-0.044560	-0.061469	-0.047650	-0.006958	-0.008463	0.000466	-0.106756	-0.039714	-0.059159	-0.085455	0.044321	-0.055090	-0.067071
projid50108048	-0.023283	-0.048892	0.001189	-0.092593	-0.065696	0.037664	0.051720	0.060049	0.033637	0.004369	0.038123	-0.060480	-0.004021	-0.013997	0.050792	-0.024959	-0.014671	0.094525	0.091559
projid50108200	-0.023004	-0.085233	-0.030550	-0.102915	-0.075222	0.052643	0.106835	0.094286	0.036658	-0.001973	0.007689	-0.058820	0.024825	-0.043173	0.094481	-0.015474	0.071234	0.052667	0.100077
projid50108462	0.004061	-0.023622	-0.028554	0.001497	-0.006196	0.026123	0.039324	0.042854	-0.003558	-0.011859	-0.020667	0.011563	0.045142	0.058854	0.040027	-0.002641	0.041580	0.024381	0.015081
projid50108598	0.008139	0.008628	0.000238	-0.057257	-0.027354	0.024327	-0.010228	0.035448	-0.016381	-0.029453	-0.020437	-0.063741	-0.037657	-0.057691	0.008281	-0.007337	-0.011921	0.044487	0.029817
projid50108886	0.023215	0.079168	0.033454	0.097054	0.117885	-0.052406	-0.041691	-0.059575	-0.077448	0.056945	0.065132	0.111147	-0.001426	-0.010682	-0.029738	-0.036767	-0.008213	-0.049387	-0.108469
projid50108912	-0.007195	0.038100	0.047780	0.021414	0.024440	-0.023647	0.024971	-0.021259	-0.048814	0.019726	0.035174	0.020703	-0.029326	-0.038667	0.046380	0.009051	0.048591	0.032511	-0.024869
projid50109189	-0.074071	0.025763	0.040202	0.060358	0.063298	-0.055228	-0.075963	-0.033641	-0.004372	0.072458	0.097984	0.080699	-0.068467	0.018453	-0.051297	-0.004125	0.014792	-0.030527	-0.015539
projid50109477	0.022688	0.002985	0.001700	-0.001563	-0.027232	-0.006337	0.091382	0.006579	-0.015272	-0.025708	-0.036657	-0.031048	-0.021366	-0.058264	0.096517	0.018638	0.089589	0.074078	-0.002313
projid50109927	-0.008424	0.027829	0.036930	0.017108	0.019818	-0.019635	-0.008609	-0.019034	-0.033321	0.033878	0.021214	0.027366	-0.006086	-0.003766	0.011752	-0.013853	0.012051	-0.000429	-0.012850
projid50197261	-0.037763	0.027737	0.018129	0.033404	0.051628	-0.035782	-0.081782	-0.030776	-0.003475	0.025199	0.040348	0.051993	0.004691	-0.008069	-0.077191	-0.039268	0.039500	-0.120408	-0.018562
projid50300408	0.044415	-0.015891	-0.035960	-0.020504	0.014190	0.054779	0.004603	0.022746	0.014195	-0.014922	0.014302	-0.002751	0.005503	-0.042062	-0.043020	-0.007657	0.090975	0.006813	-0.000442
projid50300822	-0.017577	0.032260	0.038437	0.050116	0.028449	-0.036076	-0.037581	-0.050607	-0.011648	0.008533	0.052388	0.026816	-0.047082	0.034906	-0.030612	0.021866	-0.000926	0.025989	-0.028162
projid50301099	-0.061464	-0.103141	-0.059634	-0.075898	-0.073340	-0.001742	0.013989	0.045605	0.072742	-0.004304	-0.101900	-0.050447	0.068874	0.070637	0.016419	0.049544	-0.015091	-0.079547	0.081749
projid50301387	-0.004219	0.048330	0.046490	0.056995	0.033872	-0.046081	0.024985	-0.017777	-0.085757	0.049817	-0.018272	0.038115	0.013138	0.015670	0.022035	-0.086728	0.062641	0.004433	-0.055367
projid50301963	0.026383	0.069860	0.053996	0.067270	0.029647	-0.040448	-0.066354	-0.071538	-0.061478	-0.001749	-0.026143	0.017307	-0.013288	-0.057498	-0.057822	-0.033787	0.028581	-0.013767	-0.064990
projid50302004	0.019925	0.097343	0.079679	0.106825	0.035902	-0.059702	-0.059554	-0.105969	-0.065110	0.009709	-0.003575	0.027399	-0.034218	-0.042581	-0.042380	-0.064013	0.025762	-0.037639	-0.083807
projid50302266	-0.023835	-0.038858	0.002424	-0.032604	-0.012670	0.009291	0.023741	0.042472	0.035162	0.033837	0.083268	0.005565	-0.001565	0.023239	0.007022	0.010468	-0.043476	0.083442	0.046029
projid50302428	0.081326	-0.009953	-0.049184	-0.012960	-0.035428	0.057611	0.009143	-0.022312	0.048093	-0.079174	-0.050947	-0.053329	0.026134	0.079991	-0.004562	0.049312	-0.009044	-0.003594	0.004921
projid50302554	-0.028616	0.062799	0.079848	0.089129	0.035895	-0.066512	0.013870	-0.070272	-0.060169	0.050689	0.019852	0.061276	-0.031595	0.024632	0.025320	-0.027282	-0.014439	0.014323	-0.063309
projid50302978	0.004531	0.068647	0.068737	-0.015106	0.048054	-0.053851	-0.035538	-0.061294	-0.119336	0.010328	-0.003545	0.020749	-0.164921	-0.075476	-0.054204	-0.018462	-0.009109	-0.063797	-0.077395
projid50303145	0.065341	0.043877	0.006284	0.003994	0.024052	0.011830	-0.062431	-0.027744	-0.016197	-0.013545	0.031576	-0.000042	-0.073840	-0.051376	-0.066010	-0.009853	-0.081974	-0.011323	-0.039117
projid50305165	-0.013435	0.025616	0.034454	-0.000204	0.016033	-0.009719	-0.011220	-0.007933	-0.030205	0.031147	0.031062	0.025160	-0.010668	0.007361	0.003968	0.003637	-0.003954	-0.010999	-0.000007
projid50400385	0.062359	-0.004532	-0.001579	-0.002881	-0.028549	0.021260	0.048200	-0.014728	0.012687	-0.055180	-0.046725	-0.051664	0.043372	-0.061746	0.067458	0.021545	0.020013	0.018381	-0.003970
projid50400709	0.011313	0.047643	0.023218	0.063878	0.052929	-0.022560	-0.010456	-0.022084	-0.044447	0.020365	0.015967	0.043758	0.033816	0.002156	-0.006089	0.025023	-0.011065	0.015590	-0.055930
projid50400835	0.013793	0.032132	0.035387	0.029386	-0.008974	-0.033090	-0.004229	-0.048123	-0.021518	-0.018117	-0.019468	-0.012276	-0.000869	-0.019809	0.003400	-0.074996	0.051292	-0.010215	-0.035644
projid50401002	0.006705	-0.043731	-0.053480	-0.059675	-0.029728	0.054333	0.002210	0.083112	0.040279	-0.005043	-0.012660	-0.017485	-0.016083	-0.039204	0.003436	-0.026188	-0.072907	0.018127	0.059292
projid50401264	-0.072067	-0.013004	0.012179	0.001283	-0.010795	-0.021728	-0.009569	-0.000655	0.018837	0.017678	-0.005393	0.007886	0.000516	0.036230	0.006254	0.114604	-0.028134	-0.010571	0.027216
projid50402017	0.043877	0.039316	0.008592	0.042093	0.019866	-0.011239	-0.067352	-0.050592	0.010083	-0.037578	0.012115	-0.001913	0.013439	-0.009557	-0.066339	0.036413	0.001982	-0.032867	-0.037138
projid50402567	-0.012290	0.014071	-0.019173	0.033286	0.066782	0.013338	-0.031318	0.027960	-0.012975	0.053110	0.040504	0.071097	-0.004184	0.006317	-0.069839	-0.096658	-0.060535	-0.018162	-0.023482
projid50402729	-0.004477	-0.032803	0.004833	-0.040107	-0.052116	0.029692	0.076524	0.050819	0.002165	-0.003331	-0.017572	-0.033436	0.000818	-0.046909	0.078548	-0.005492	0.074156	0.087471	0.057168
projid50403446	0.067232	-0.078441	-0.070571	-0.078535	-0.090590	0.125122	0.080238	0.093908	0.065427	-0.068573	-0.041856	-0.082930	0.134390	-0.028306	0.057342	0.022481	0.036670	0.072091	0.090002
projid50403860	-0.001143	0.005685	0.030734	-0.046920	-0.054439	-0.000468	-0.025205	-0.018490	0.019153	-0.034002	-0.022223	-0.077130	0.019266	-0.049008	0.018471	0.002874	-0.017324	0.009896	0.026590
projid50404163	-0.042249	0.051807	0.073316	0.064619	0.037353	-0.054233	-0.046088	-0.025248	-0.052894	0.050950	0.046561	0.054553	0.033355	-0.001442	-0.004535	-0.019990	-0.001037	0.010252	-0.021792
projid50404299	-0.033299	0.031628	0.042930	0.001096	0.069661	-0.032266	-0.073604	-0.001640	-0.063994	0.071882	0.085998	0.067929	-0.017410	0.001669	-0.079831	-0.031708	-0.048218	-0.052259	-0.029345
projid50404749	0.033428	-0.001506	-0.004501	0.007471	-0.015182	0.033507	0.027785	0.022382	-0.000501	-0.018614	-0.017522	-0.009238	-0.003720	-0.012348	0.021356	0.000452	-0.020383	0.061768	0.010384
projid50405042	-0.003721	0.038136	0.052402	0.008576	0.058511	-0.025398	-0.063260	-0.001067	-0.065024	0.053795	0.055053	0.044826	-0.035757	-0.047304	-0.052653	-0.033216	-0.059356	-0.041294	-0.033146
projid50405330	-0.020439	0.009401	0.019986	0.014838	0.007360	-0.008012	-0.029401	0.005365	-0.025918	0.015827	-0.005944	0.019054	0.021054	-0.003454	-0.011617	0.010102	-0.040970	0.002815	-0.000615
projid50406057	0.068132	0.027861	0.009785	0.035335	-0.040405	-0.001083	0.004512	-0.075632	0.010525	-0.089124	-0.093571	-0.065746	0.039726	0.021393	0.022192	0.033218	0.075302	-0.021257	-0.038445
projid50409370	-0.043345	-0.031127	-0.013054	-0.002962	-0.019456	-0.024393	0.069737	0.023099	0.018191	0.000001	-0.021770	0.003569	-0.005360	-0.000914	0.088092	0.048557	0.045299	-0.072377	0.024947
projid50409532	0.012544	-0.043149	-0.019521	-0.040745	-0.004405	0.044721	0.114913	0.106077	-0.033186	0.046121	0.039266	0.018016	0.037080	-0.002648	0.069897	-0.004183	0.029316	0.122992	0.039854
projid50410283	-0.037639	-0.031386	0.017633	0.010045	-0.007476	-0.016966	0.037480	0.024367	-0.013503	0.028835	-0.008353	0.025891	0.037154	0.039763	0.058648	0.032155	0.013229	0.026293	0.029264
projid50410319	0.125407	-0.013499	-0.077372	-0.036926	-0.005631	0.060307	-0.023728	0.000160	0.063044	-0.084163	-0.048118	-0.049766	-0.002654	-0.053235	-0.037974	0.008976	-0.012251	-0.070465	-0.017459
projid50500136	-0.075133	-0.050328	0.005376	-0.014869	-0.021863	0.002420	-0.016080	0.049897	-0.008784	0.041902	-0.024792	0.017409	-0.006638	0.065689	-0.024235	0.007805	-0.047090	0.017356	0.046644
projid51400993	-0.010071	0.072949	0.042574	0.007540	0.110887	-0.046471	-0.044835	-0.033414	-0.084956	0.061939	0.127426	0.073169	-0.042371	-0.018243	-0.020364	-0.149335	-0.021392	-0.023443	-0.064506
projid51624179	-0.009812	0.053701	0.057089	0.087288	0.068063	-0.057922	-0.091921	-0.079690	-0.048880	0.042001	0.043667	0.063111	-0.046117	0.016041	-0.093290	0.039589	-0.001855	-0.080554	-0.085997
projid51815338	0.077992	0.000022	-0.080854	-0.024931	0.007851	0.033769	-0.015133	0.008103	0.051240	-0.038523	-0.026986	-0.003185	0.046253	0.043139	-0.029766	-0.022332	-0.013310	-0.025545	-0.017115
projid52311825	0.048794	-0.029723	-0.027883	0.021137	-0.016981	0.048126	0.048122	0.027705	0.010532	-0.006802	-0.021688	0.008760	0.086168	-0.004125	0.032824	-0.044044	-0.022324	0.072837	0.014812
projid52509923	-0.039739	0.032006	0.016779	0.049899	0.027532	-0.037021	-0.003602	-0.015666	-0.036361	0.030733	0.007340	0.032114	-0.078086	-0.007883	-0.009848	-0.056843	-0.009754	0.027309	-0.019456
projid53772202	-0.043684	-0.067542	-0.096101	-0.081175	-0.045956	0.021579	-0.005820	0.016712	0.135892	-0.054791	-0.023827	-0.049626	0.011456	0.155310	-0.004793	0.097374	-0.005805	-0.026071	0.079165
projid54122640	-0.003236	0.055011	0.042661	0.044661	0.030845	-0.056833	-0.011354	-0.059840	-0.044103	-0.005157	-0.014728	0.015579	-0.031741	-0.032669	0.015717	0.028390	0.023245	-0.001304	-0.060634
projid54458919	-0.104376	-0.074699	-0.007653	-0.019484	-0.056116	-0.031285	0.042204	0.031324	0.036433	0.033000	-0.000669	-0.012509	0.043397	0.036248	0.046768	0.099259	-0.034612	0.003769	0.070242
projid56102646	0.029946	-0.032176	-0.036784	-0.023333	-0.034504	0.032325	0.082668	0.040169	0.013296	-0.005887	-0.043046	-0.035847	0.065102	-0.083918	0.054324	-0.050418	0.080251	0.022297	0.013792
projid5689621	0.027715	0.080775	0.048907	0.072866	0.053282	-0.051407	-0.059047	-0.085152	-0.053230	-0.022964	-0.021402	0.013650	-0.023690	-0.088451	-0.064736	-0.002905	0.047167	-0.079824	-0.103346
projid5779736	-0.038214	-0.003717	0.015061	0.068377	0.011897	-0.016012	0.017332	0.005981	-0.036380	0.056656	0.000712	0.042729	0.013670	-0.070361	-0.017437	0.004088	0.047984	0.006260	-0.018364
projid57978756	-0.039595	0.004497	0.014196	0.036438	0.032967	-0.020193	-0.057367	-0.006846	0.020504	0.010883	0.057398	0.033616	-0.012759	0.007385	-0.049849	-0.069170	-0.030799	-0.086566	-0.002456
projid60725338	-0.033340	0.004771	0.010272	-0.015250	-0.008861	0.006755	0.028583	0.038687	-0.002963	0.008575	0.018472	-0.002340	0.054939	0.005801	0.039875	0.014609	0.027959	0.063492	0.035794
projid60747316	0.024098	-0.048892	-0.043856	-0.055804	-0.074013	0.047127	0.081239	0.026368	0.042233	-0.059345	-0.078811	-0.071481	-0.033280	0.013985	0.072042	0.028367	-0.001951	0.034522	0.044167
projid60848460	0.030954	0.093849	0.018709	0.071615	0.117424	-0.042400	-0.043981	-0.051351	-0.072326	0.041545	0.068835	0.094918	-0.030535	-0.020427	-0.057104	-0.046941	-0.004156	-0.035578	-0.102380
projid61029627	-0.029585	0.007512	0.009597	0.000519	-0.015639	-0.026633	0.026846	0.000897	0.000074	-0.009732	-0.021087	-0.010582	0.009828	0.078985	0.030464	0.028633	0.031151	0.036257	0.014972
projid6107196	0.025297	0.059750	0.034083	0.062633	0.058219	-0.027815	-0.057762	-0.039631	-0.064791	0.040596	-0.006412	0.048800	-0.025430	-0.025184	-0.092654	-0.021737	0.034543	-0.043736	-0.074383
projid61142759	0.039744	0.020842	-0.003789	-0.000056	-0.005224	0.014538	-0.052337	-0.024360	0.017987	-0.036479	-0.010815	-0.021442	0.004979	0.002987	-0.051321	0.030663	-0.067236	-0.013985	-0.011293
projid61344957	-0.113145	0.021850	0.090620	0.114412	0.051579	-0.111654	-0.031886	-0.059346	-0.064068	0.114475	0.051267	0.101860	-0.001349	0.045640	-0.014160	-0.017018	-0.041564	-0.070078	-0.050768
projid62367972	0.127634	-0.064870	-0.123186	-0.060069	-0.048143	0.103501	0.024680	0.024395	0.100103	-0.114965	-0.057515	-0.058503	0.065745	-0.003774	-0.011983	0.001873	-0.067079	0.001741	0.019015
projid62404688	-0.001442	0.003708	0.024854	-0.007434	-0.003612	-0.012338	-0.031365	-0.020879	0.006347	-0.018292	-0.017559	-0.009536	-0.017679	0.031925	-0.012275	0.044454	-0.023633	-0.024854	0.001145
projid62483327	-0.013091	-0.027828	0.000115	-0.030480	-0.055178	0.011798	0.050656	0.039975	-0.007880	0.011895	-0.056634	-0.031977	0.011271	0.038899	0.064754	0.057693	0.026403	0.053467	0.042716
projid63188799	0.016737	-0.013496	-0.035368	-0.016300	0.012297	0.032337	-0.006890	0.048530	0.003576	0.024340	0.044170	0.013078	-0.011533	0.002753	-0.004464	-0.028127	0.011485	0.044707	0.015034
projid64291829	0.015228	-0.006175	-0.063651	-0.035155	0.032211	0.007477	-0.014310	-0.000336	0.048278	-0.033679	-0.029542	-0.001273	-0.068470	0.126381	-0.027937	0.079211	0.003341	-0.088707	-0.013310
projid64358179	0.031889	0.062712	0.039851	0.092836	0.041188	-0.048118	-0.033039	-0.083379	-0.043814	-0.000409	-0.004301	0.052758	0.024858	-0.011477	-0.033344	-0.050518	0.030462	-0.002076	-0.082974
projid64493027	-0.014409	0.003554	-0.023581	-0.018354	0.055666	0.012082	-0.036516	0.017647	-0.001057	-0.001380	0.029978	0.036466	-0.024159	0.023157	-0.051389	0.017160	-0.052843	-0.014090	-0.004643
projid65001607	-0.011976	0.034159	0.040110	0.011184	0.063097	-0.020767	0.009654	0.013617	-0.069773	0.065615	0.062377	0.057040	0.020930	-0.048139	0.013302	-0.086565	0.023033	-0.018640	-0.029439
projid65292866	0.030568	-0.037710	-0.070970	-0.070524	-0.032030	0.051165	0.056862	0.058602	0.041336	-0.035706	-0.016498	-0.050784	0.022310	0.065496	0.016616	-0.003383	0.043174	0.071791	0.036753
projid65652206	-0.019557	0.050742	0.023103	0.025299	0.075116	-0.036675	-0.044357	-0.032404	-0.054094	0.036513	0.045026	0.049283	-0.087542	-0.078312	-0.058811	-0.079699	-0.043463	-0.024410	-0.056858
projid65736039	-0.037372	0.048289	0.060495	0.036187	0.050278	-0.051568	0.006679	-0.030524	-0.069510	0.061884	0.060576	0.048663	-0.034578	-0.024859	0.003287	-0.063624	0.020538	0.022431	-0.048002
projid66406040	-0.000110	0.023060	0.071980	0.016755	-0.023129	-0.073983	-0.001229	-0.062797	-0.026363	-0.026858	-0.031380	-0.036355	-0.009065	-0.044651	0.046361	0.010129	-0.002093	0.003004	-0.025337
projid66754397	0.036009	-0.040097	-0.083988	0.011197	-0.006036	0.062675	0.028955	0.005955	0.064740	-0.065794	-0.040427	-0.016858	0.003714	-0.008259	-0.031292	0.007244	0.078141	-0.040270	-0.007168
projid66924745	0.008317	0.019704	0.024161	0.016168	0.026375	-0.013845	-0.025971	-0.016144	-0.024871	0.029158	0.038577	0.025859	0.041572	-0.041256	-0.024216	0.006298	-0.030664	-0.025362	-0.023569
projid67185070	0.010916	0.031639	0.035855	0.015020	0.015314	-0.021935	-0.039644	-0.025903	-0.021854	0.028415	0.034711	0.016192	0.020466	-0.016087	-0.017827	0.028209	-0.076461	-0.009756	-0.026780
projid67429065	0.007128	0.046376	0.035933	0.046681	0.027883	-0.019868	-0.038424	-0.043910	-0.004222	-0.010172	0.013132	0.019285	-0.015978	0.011325	-0.017293	-0.117752	-0.044551	0.034013	-0.027842
projid68015667	0.031737	0.048641	0.015322	0.026424	0.041282	-0.013149	-0.044942	-0.045198	-0.007458	-0.027308	0.028569	0.011099	0.003596	-0.024816	-0.025696	0.023853	0.007732	-0.023451	-0.042572
projid68745332	0.021559	0.018895	0.005819	0.046086	-0.011368	0.001029	0.040288	-0.025064	-0.011005	-0.018276	-0.016035	0.002240	0.027096	0.022220	0.039604	0.052052	0.030570	0.062816	-0.016551
projid69982533	0.082220	-0.057340	-0.106271	-0.020080	-0.032004	0.088219	-0.002243	0.019393	0.083156	-0.079500	-0.045854	-0.047600	0.045730	0.051423	-0.040771	-0.012377	-0.003884	-0.034861	0.011611
projid70816595	0.063313	-0.091929	-0.109620	-0.133135	-0.122686	0.124889	0.117890	0.103755	0.081936	-0.089561	-0.090662	-0.124181	0.009383	-0.015317	0.088967	0.029011	0.041175	0.077761	0.103907
projid70883578	-0.048756	0.056772	0.039686	0.059807	0.042102	-0.093261	-0.070869	-0.094685	-0.024815	0.012276	-0.048029	0.031250	-0.058979	0.069867	-0.064880	0.031096	-0.022769	-0.142092	-0.062935
projid70917649	-0.005403	0.029431	0.016131	-0.008962	0.049832	-0.011504	-0.072008	-0.007401	-0.031485	0.033363	0.043613	0.039995	0.012356	-0.041856	-0.074473	0.014188	-0.063259	-0.066281	-0.019578
projid71626373	0.011042	-0.013502	-0.020402	0.009147	-0.005376	0.029372	0.028078	0.005563	0.013278	-0.019822	0.006547	-0.000742	0.022149	0.018275	0.000074	0.013933	0.064379	0.002941	0.002977
projid71727427	0.020177	0.001883	0.009369	-0.005523	-0.019362	0.011902	-0.008657	-0.005719	-0.000618	-0.009382	-0.013205	-0.012182	0.038248	0.006131	0.010086	0.045668	-0.043584	0.019503	0.004496
projid72188804	0.036596	-0.016519	-0.011524	-0.021933	-0.035953	0.037601	0.027127	0.015228	0.006067	-0.024184	-0.043273	-0.033307	-0.022526	-0.041945	0.023768	0.010307	0.005538	0.030569	0.017127
projid7253015	0.007342	-0.035346	-0.021752	-0.032886	-0.057568	0.039587	0.041680	0.047752	0.008317	-0.014891	-0.050152	-0.041937	-0.007629	0.002241	0.034065	0.029506	-0.019979	0.082009	0.045046
projid72650337	0.031285	0.044334	0.053028	0.023975	-0.005054	-0.024279	-0.047835	-0.054455	-0.023112	-0.019108	-0.028182	-0.019954	-0.019052	-0.035645	-0.035962	0.020098	-0.006215	-0.018707	-0.047038
projid7287209	-0.008650	0.016147	0.018946	0.023358	0.026409	-0.021597	-0.046720	0.002224	-0.028620	0.026362	0.007872	0.031535	-0.007936	-0.047458	-0.054027	0.000733	-0.006064	-0.023161	-0.019991
projid7311370	-0.010558	0.001705	0.003338	0.009427	-0.011756	-0.009241	-0.006019	-0.012450	0.023779	-0.011861	0.012966	-0.001901	0.034748	0.057889	0.007176	0.066827	-0.040003	0.027394	0.012784
projid73549281	-0.079414	-0.109538	-0.005088	-0.062539	-0.088759	0.019872	0.033047	0.098460	0.027603	0.042959	-0.018344	-0.021038	0.006685	0.000354	0.044500	0.018854	-0.027253	0.036344	0.118056
projid74753465	-0.007396	-0.129475	-0.071880	-0.128793	-0.171607	0.067300	0.076102	0.057551	0.118378	-0.070543	-0.054236	-0.157861	0.063327	0.049013	0.056493	-0.017013	0.081621	0.054925	0.135633
projid75990666	-0.041431	-0.064091	-0.030068	-0.021342	-0.072942	0.016882	0.077782	0.035219	0.044896	-0.030725	-0.065881	-0.049927	0.038606	0.015893	0.071712	0.030527	0.038570	0.023122	0.063378
projid76867532	-0.025949	-0.046211	-0.023031	-0.018929	-0.029880	0.011692	0.037224	0.056318	0.019229	0.002331	-0.016268	-0.011716	0.075945	-0.034987	0.029012	0.046134	0.046708	0.067024	0.045585
projid77143621	0.007968	-0.007993	-0.009071	-0.007212	-0.011855	0.010506	0.000881	0.026005	-0.009156	0.002429	-0.038858	-0.001720	-0.064721	0.027642	0.005798	0.036949	-0.003287	0.016374	0.005439
projid77239958	0.018939	0.027213	0.038803	-0.008121	-0.028057	-0.029290	-0.020361	-0.042468	0.008220	-0.028390	0.004584	-0.035866	-0.012726	-0.039821	0.008597	-0.074939	-0.031370	0.042041	-0.002137
projid77330002	-0.037000	0.010879	0.059869	0.027649	-0.008974	-0.057754	-0.010771	-0.022653	-0.048080	0.037558	-0.022104	0.017364	-0.041229	0.030925	0.001844	-0.012216	0.081701	-0.004491	-0.013192
projid77891596	-0.108216	-0.110581	-0.055813	-0.056982	-0.087507	0.015923	0.032542	0.062014	0.081808	0.004115	-0.050322	-0.034404	0.049451	0.076052	0.037331	0.037707	-0.022800	-0.017694	0.108517
projid78452313	0.075910	0.034827	-0.049164	0.013133	0.063718	0.045046	-0.035725	-0.002895	0.015741	-0.027943	0.012772	0.032533	0.040949	-0.026115	-0.082785	-0.039735	-0.018388	0.010196	-0.061743
projid8109170	-0.011315	0.058083	0.057055	0.047383	0.028018	-0.030752	-0.029874	-0.040866	-0.035606	0.005596	0.047923	0.016174	-0.009014	-0.082313	-0.009140	-0.069893	0.020356	-0.005168	-0.032509
projid8132197	-0.127436	-0.053178	0.023549	-0.007646	-0.021002	-0.048073	0.046694	0.039119	0.029494	0.079139	0.036658	0.021184	-0.004847	0.118706	0.070502	-0.027621	0.011087	0.011603	0.060129
projid81852640	0.039956	0.057882	0.059242	0.047552	0.011727	-0.025902	-0.052580	-0.067302	-0.040124	-0.016996	0.003398	-0.017626	-0.021224	-0.082014	-0.046972	0.024926	-0.014987	-0.017720	-0.055876
projid82317494	-0.060137	0.010454	0.015653	-0.029901	0.072157	-0.020193	-0.000602	0.029106	-0.065321	0.072448	0.064807	0.043180	-0.007177	0.002201	0.004716	-0.034140	-0.008754	-0.003271	-0.005704
projid82624422	-0.028862	-0.037894	0.004874	-0.027644	-0.048097	0.019793	0.014784	0.038778	0.016498	0.000232	-0.028156	-0.013308	0.000772	-0.010711	0.026061	0.000041	-0.018380	0.034092	0.052105
projid82684406	0.037048	-0.040305	-0.045480	-0.049364	-0.041862	0.071839	0.021255	0.051666	0.037809	-0.054415	-0.023899	-0.053099	0.040296	-0.017229	0.018459	-0.002841	-0.008753	0.032742	0.045590
projid83034844	-0.065717	-0.001861	-0.018725	-0.033907	0.081439	-0.049387	-0.038399	0.001558	-0.008043	0.064397	0.063646	0.063333	-0.054854	0.072796	-0.059089	-0.001536	-0.056843	-0.011121	-0.014746
projid83984043	0.015172	-0.084514	-0.067220	-0.060447	-0.047438	0.082959	0.069510	0.084374	0.064678	-0.010298	0.021067	-0.023687	0.038367	0.019368	0.020763	0.018570	-0.019810	0.041026	0.073245
projid84417209	-0.007493	-0.055858	-0.025998	-0.084583	-0.046924	0.050987	0.043985	0.091428	0.021807	0.008196	-0.002551	-0.048735	0.065094	-0.020033	0.044687	0.033663	0.035620	0.026924	0.087025
projid84642424	0.068334	-0.045637	-0.088563	-0.027690	-0.008295	0.094366	0.001239	0.034207	0.054215	-0.066251	-0.032726	-0.015849	0.053365	0.080808	-0.044722	-0.000040	0.008847	0.016708	0.010351
projid84653463	-0.006046	0.004372	0.006143	-0.004793	-0.001549	0.012553	0.021785	0.023090	-0.023061	0.006328	0.014453	0.000078	0.005735	-0.029945	0.012937	0.035381	0.055676	0.019340	0.007961
projid85065193	-0.067972	0.010987	0.027082	0.054378	0.024080	-0.055301	-0.025787	-0.030185	-0.028805	0.045154	-0.020098	0.030596	-0.031316	0.020763	-0.029810	-0.019567	0.039496	-0.039603	-0.030648
projid85171938	0.019273	0.023599	-0.000754	0.006008	-0.000842	-0.003283	-0.017384	-0.017370	0.004160	-0.021341	-0.024843	-0.014867	-0.020847	-0.100843	-0.005082	-0.004913	-0.031395	0.038816	-0.014760
projid85666580	0.055685	-0.024297	-0.018707	-0.053476	-0.060030	0.036199	0.047650	0.006016	0.024943	-0.079975	-0.014725	-0.074899	0.021110	-0.028849	0.073999	0.007852	0.006478	0.066357	0.032078
projid86071821	-0.030742	0.085085	0.104056	0.089613	0.077580	-0.089574	-0.082547	-0.074040	-0.092250	0.089990	0.057216	0.086896	-0.017060	-0.034924	-0.066278	-0.043671	-0.017005	-0.035786	-0.073499
projid86177506	-0.029090	0.019185	0.035402	0.002402	0.018428	-0.019405	-0.008281	0.010051	-0.057430	0.048232	-0.008897	0.023295	-0.049382	-0.002417	-0.002403	-0.006566	0.021310	0.003990	-0.007439
projid86408244	0.038505	0.006029	-0.010766	-0.000572	-0.017636	0.023449	0.052829	-0.002172	0.008587	-0.032574	-0.018992	-0.022193	0.018349	-0.005876	0.052152	-0.000480	0.039996	0.032753	-0.002645
projid86903794	0.020828	-0.077925	-0.044606	-0.119386	-0.095709	0.075565	0.036234	0.054437	0.086730	-0.066774	-0.021346	-0.114584	0.077229	-0.048954	0.022199	0.041279	0.001498	0.011303	0.092617
projid87038802	-0.020684	0.035013	0.020758	0.000710	0.069782	-0.023166	0.013158	0.004160	-0.063518	0.062957	0.065786	0.050066	0.002490	-0.045958	0.012615	-0.067081	0.015202	-0.000530	-0.028714
projid87410220	0.014781	0.033863	0.024907	0.017330	0.002346	-0.004257	0.053205	-0.004646	-0.036131	0.014751	0.016068	0.006095	-0.018171	-0.033565	0.077974	-0.043788	0.053987	0.053757	-0.010999
projid87779516	0.021644	0.038777	0.022955	0.030620	-0.017365	-0.013989	0.005102	-0.052295	-0.013734	-0.038252	-0.056968	-0.031986	-0.052669	-0.034740	-0.033431	-0.028146	0.077427	0.011630	-0.040883
projid89001223	-0.015531	0.037751	0.015197	0.021553	0.010820	-0.035734	-0.052440	-0.062572	0.009652	-0.026739	-0.018230	-0.017127	-0.085418	0.003304	-0.042991	0.015991	-0.056365	-0.009081	-0.029331
projid89164957	-0.021448	-0.041342	-0.014002	-0.032152	0.003432	0.043304	0.031860	0.088045	-0.018451	0.039629	0.046062	0.016910	-0.005197	0.001297	0.027053	-0.024123	-0.014231	0.093229	0.049611
projid89614402	-0.000356	-0.003723	-0.006743	-0.001074	0.026635	0.002027	0.007388	0.018024	-0.012097	0.033689	0.030715	0.046993	0.040381	-0.004338	0.008040	0.057562	0.008188	0.007227	-0.005886
projid89903942	-0.014565	-0.022854	-0.006211	-0.026816	-0.033124	0.015193	0.055085	0.044956	-0.009439	0.022399	-0.024930	-0.014402	0.035502	-0.034470	0.061741	-0.013242	0.033764	0.060078	0.035091
projid90267190	0.015942	-0.015729	-0.018370	-0.035263	-0.030668	0.012787	0.000837	0.036294	0.016777	-0.004103	-0.026944	-0.019754	-0.041224	-0.023109	0.006192	-0.004071	0.047912	-0.006630	0.035500
projid90447310	-0.060563	-0.013035	-0.018650	-0.023625	-0.002326	-0.029474	-0.030565	-0.024579	0.049963	-0.016130	-0.011403	-0.016250	0.000992	0.003756	0.017740	0.052993	-0.043385	-0.040166	0.019589
projid90942860	0.012744	-0.065589	-0.046567	-0.036391	-0.021820	0.065810	0.033119	0.058219	0.028316	0.004284	0.001704	0.013664	-0.027850	0.028591	0.019161	-0.000747	-0.014163	-0.023135	0.049707
projid91018909	-0.049695	0.035786	0.081782	0.062218	0.004013	-0.057009	0.013102	-0.040967	-0.041705	0.042185	0.029333	0.029260	-0.030399	-0.046556	0.055970	-0.004035	0.022194	0.028959	-0.026471
projid91707643	-0.019749	-0.001959	0.009849	0.014143	0.002609	-0.000928	0.014033	0.022771	-0.024059	0.021823	0.005878	0.012996	0.025055	-0.054816	0.016080	-0.008039	0.037819	0.008687	0.009078
projid91921829	0.011252	0.018166	0.024038	0.004407	-0.039223	-0.023520	0.024070	-0.046255	0.024496	-0.061342	-0.039494	-0.060294	-0.031381	-0.002121	0.041333	-0.102668	0.063370	0.081639	-0.012823
projid92113025	0.030608	0.014223	0.010175	-0.018883	-0.014446	0.011418	-0.020030	0.007366	-0.007950	-0.001660	0.000682	-0.015741	0.018186	0.009126	0.003196	-0.007991	0.002902	0.014017	0.007970
projid92393245	-0.011525	0.045329	0.069030	0.067120	0.001749	-0.057645	0.011694	-0.044220	-0.046334	0.026369	-0.004085	0.013789	0.031891	-0.034491	0.045313	0.043891	0.070651	0.001612	-0.038854
projid92613520	-0.023220	0.008329	0.017616	0.005642	0.053665	-0.006430	-0.007896	0.029581	-0.052021	0.064662	0.072625	0.059312	0.024107	-0.042164	0.006695	-0.043368	-0.037276	0.000819	-0.007622
projid92996364	0.023483	-0.002318	0.010705	0.023993	-0.006624	-0.003454	-0.014890	-0.014886	0.001542	0.000775	-0.011744	0.010099	-0.002392	-0.026857	-0.006036	0.014453	0.001325	-0.004393	-0.009257
projid93462021	0.008481	0.052251	-0.002367	0.032574	0.065073	-0.006899	-0.081207	-0.051089	-0.009047	-0.027129	0.027955	0.018000	-0.078995	-0.022970	-0.112313	-0.030662	-0.013055	-0.052896	-0.060150
projid93815598	0.019856	0.019442	-0.019732	0.022284	-0.000117	-0.003961	-0.004154	-0.024633	0.018574	-0.029676	-0.034883	-0.014848	-0.066799	-0.009334	-0.016671	0.022392	0.035807	-0.024458	-0.023158
projid94092977	0.008082	-0.071614	-0.065903	-0.044210	-0.013171	0.064025	0.041589	0.093225	0.010248	0.013775	-0.061212	0.006208	0.037449	0.016379	0.002829	0.025474	0.003735	0.021483	0.043687
projid94430339	-0.062947	-0.031654	-0.001123	-0.030599	-0.025940	-0.010704	0.043413	0.030691	0.030801	0.007403	-0.006481	-0.012201	0.025691	-0.000015	0.048687	0.104166	-0.004882	0.029776	0.053786
projid94722642	0.008444	-0.031554	-0.016942	-0.052110	-0.075955	0.016031	0.026054	0.023622	0.039375	-0.044046	-0.064686	-0.077896	0.034563	-0.020613	0.022132	0.019010	0.009087	0.076021	0.050627
projid95491648	-0.022651	0.007108	0.022949	0.009716	0.019935	-0.008955	-0.014659	0.010346	-0.018805	0.031084	0.034288	0.023329	0.033144	-0.005972	-0.011245	0.001729	0.020852	-0.022942	0.001864
projid95919181	-0.041896	-0.017759	-0.006948	-0.018163	0.005582	-0.019009	-0.012098	-0.004541	0.023482	-0.009260	0.000210	0.006272	-0.079325	-0.010116	0.004874	-0.008906	-0.021866	-0.049029	0.010394
projid9650662	-0.034608	-0.016396	0.003549	-0.009973	0.040098	-0.001483	-0.058102	0.020405	-0.027956	0.044071	0.020278	0.041304	-0.015911	-0.014176	-0.072184	0.055302	-0.084920	-0.068792	-0.009688
projid9841821	0.096752	-0.050053	-0.065175	-0.130263	-0.071655	0.085927	0.070399	0.044941	0.059826	-0.097751	-0.054122	-0.102481	0.072687	-0.036902	0.057197	0.039734	-0.024260	-0.004062	0.047948
projid98953007	0.074433	-0.016933	-0.084022	-0.025059	0.011647	0.065423	-0.032677	0.021653	0.052007	-0.056100	-0.017644	-0.008445	-0.016295	0.000521	-0.049850	0.026667	-0.043149	0.005200	-0.004629
